-0.005 0.995
-0.005 0.995
-0.005 0.328333333333333
-0.005 0.328333333333333
0.495 0.328333333333333
0.495 0.280714285714286
0.495 0.280714285714286
0.495 0.280714285714286
0.995 0.280714285714286
0.995 0.245
0.995 0.217222222222222
0.995 0.195
0.995 0.176818181818182
0.995 0.161666666666667
0.995 0.148846153846154
0.995 0.137857142857143
0.995 0.128333333333333
0.995 0.12
0.995 0.112647058823529
0.995 0.106111111111111
0.995 0.100263157894737
0.995 0.095
0.995 0.0902380952380952
0.995 0.0859090909090909
0.995 0.0819565217391304
0.995 0.0783333333333333
0.995 0.075
0.995 0.0719230769230769
0.995 0.0690740740740741
0.995 0.0664285714285714
0.995 0.0639655172413793
0.995 0.0616666666666667
0.995 0.0595161290322581
0.995 0.0575
0.995 0.0556060606060606
0.995 0.0538235294117647
0.995 0.0521428571428571
0.995 0.0505555555555556
0.995 0.0490540540540541
0.995 0.0476315789473684
0.995 0.0462820512820513
0.995 0.045
0.995 0.0437804878048781
0.995 0.0426190476190476
0.995 0.0415116279069767
0.995 0.0404545454545455
0.995 0.0394444444444444
0.995 0.0384782608695652
0.995 0.0375531914893617
0.995 0.0366666666666667
0.995 0.0358163265306122
0.995 0.035
0.995 0.0342156862745098
0.995 0.0334615384615385
0.995 0.0327358490566038
0.995 0.032037037037037
0.995 0.0313636363636364
0.995 0.0307142857142857
0.995 0.0300877192982456
0.995 0.0294827586206897
0.995 0.0288983050847458
0.995 0.0283333333333333
0.995 0.0277868852459016
0.995 0.027258064516129
0.995 0.0267460317460317
0.995 0.02625
0.995 0.0257692307692308
0.995 0.0253030303030303
0.995 0.0248507462686567
0.995 0.0244117647058824
0.995 0.0239855072463768
0.995 0.0235714285714286
0.995 0.023169014084507
0.995 0.0227777777777778
0.995 0.0223972602739726
0.995 0.022027027027027
0.995 0.0216666666666667
0.995 0.0213157894736842
0.995 0.020974025974026
0.995 0.0206410256410256
0.995 0.0203164556962025
0.995 0.02
0.995 0.0196913580246914
0.995 0.019390243902439
0.995 0.0190963855421687
0.995 0.0188095238095238
0.995 0.0185294117647059
0.995 0.0182558139534884
0.995 0.0179885057471264
0.995 0.0177272727272727
0.995 0.0174719101123596
0.995 0.0172222222222222
0.995 0.016978021978022
0.995 0.0167391304347826
0.995 0.016505376344086
0.995 0.0162765957446809
0.995 0.0160526315789474
0.995 0.0158333333333333
0.995 0.0156185567010309
0.995 0.0154081632653061
0.995 0.0152020202020202
0.995 0.015
0.995 0.0148019801980198
0.995 0.0146078431372549
0.995 0.0144174757281553
0.995 0.0142307692307692
0.995 0.0140476190476191
0.995 0.0138679245283019
0.995 0.0136915887850467
0.995 0.0135185185185185
0.995 0.013348623853211
0.995 0.0131818181818182
0.995 0.013018018018018
0.995 0.0128571428571429
0.995 0.0126991150442478
0.995 0.0125438596491228
0.995 0.0123913043478261
0.995 0.0122413793103448
0.995 0.0120940170940171
0.995 0.0119491525423729
0.995 0.0118067226890756
0.995 0.0116666666666667
0.995 0.0115289256198347
0.995 0.0113934426229508
0.995 0.011260162601626
0.995 0.0111290322580645
0.995 0.011
0.995 0.0108730158730159
0.995 0.010748031496063
0.995 0.010625
0.995 0.0105038759689922
0.995 0.0103846153846154
0.995 0.0102671755725191
0.995 0.0101515151515152
0.995 0.0100375939849624
0.995 0.00992537313432836
0.995 0.00981481481481482
0.995 0.00970588235294118
0.995 0.0095985401459854
0.995 0.00949275362318841
0.995 0.0093884892086331
0.995 0.00928571428571429
0.995 0.00918439716312057
0.995 0.00908450704225352
0.995 0.00898601398601399
0.995 0.00888888888888889
0.995 0.00879310344827586
0.995 0.0086986301369863
0.995 0.00860544217687075
0.995 0.00851351351351352
0.995 0.00842281879194631
0.995 0.00833333333333334
0.995 0.00824503311258278
0.995 0.00815789473684211
0.995 0.0080718954248366
0.995 0.00798701298701299
0.995 0.00790322580645161
0.995 0.00782051282051282
0.995 0.00773885350318471
0.995 0.00765822784810127
0.995 0.00757861635220126
0.995 0.0075
0.995 0.0074223602484472
0.995 0.00734567901234568
0.995 0.00726993865030675
0.995 0.00719512195121951
0.995 0.00712121212121212
0.995 0.00704819277108434
0.995 0.00697604790419162
0.995 0.0069047619047619
0.995 0.00683431952662722
0.995 0.00676470588235294
0.995 0.00669590643274854
0.995 0.00662790697674419
0.995 0.0065606936416185
0.995 0.00649425287356322
0.995 0.00642857142857143
0.995 0.00636363636363636
0.995 0.00629943502824859
0.995 0.00623595505617978
0.995 0.0061731843575419
0.995 0.00611111111111111
0.995 0.00604972375690608
0.995 0.00598901098901099
0.995 0.00592896174863388
0.995 0.0058695652173913
0.995 0.00581081081081081
0.995 0.00575268817204301
0.995 0.0056951871657754
0.995 0.00563829787234043
0.995 0.00558201058201058
0.995 0.00552631578947368
0.995 0.00547120418848168
0.995 0.00541666666666667
0.995 0.00536269430051814
0.995 0.00530927835051546
0.995 0.00525641025641026
0.995 0.00520408163265306
0.995 0.00515228426395939
0.995 0.0051010101010101
0.995 0.00505025125628141
0.995 0.005
0.995 0.00495024875621891
0.995 0.0049009900990099
0.995 0.00485221674876847
0.995 0.00480392156862745
0.995 0.00475609756097561
0.995 0.00470873786407767
0.995 0.00466183574879227
0.995 0.00461538461538462
0.995 0.00456937799043062
0.995 0.00452380952380953
0.995 0.00447867298578199
0.995 0.00443396226415094
0.995 0.00438967136150235
0.995 0.00434579439252336
0.995 0.00430232558139535
0.995 0.00425925925925926
0.995 0.00421658986175115
0.995 0.00417431192660551
0.995 0.0041324200913242
0.995 0.00409090909090909
0.995 0.00404977375565611
0.995 0.00400900900900901
0.995 0.00396860986547085
0.995 0.00392857142857143
0.995 0.00388888888888889
0.995 0.00384955752212389
0.995 0.00381057268722467
0.995 0.0037719298245614
0.995 0.00373362445414847
0.995 0.00369565217391304
0.995 0.00365800865800866
0.995 0.00362068965517241
0.995 0.00358369098712446
0.995 0.00354700854700855
0.995 0.00351063829787234
0.995 0.00347457627118644
0.995 0.00343881856540084
0.995 0.00340336134453782
0.995 0.00336820083682008
0.995 0.00333333333333333
0.995 0.00329875518672199
0.995 0.00326446280991736
0.995 0.00323045267489712
0.995 0.00319672131147541
0.995 0.00316326530612245
0.995 0.00313008130081301
0.995 0.00309716599190283
0.995 0.00306451612903226
0.995 0.00303212851405622
0.995 0.003
0.995 0.00296812749003984
0.995 0.00293650793650794
0.995 0.00290513833992095
0.995 0.0028740157480315
0.995 0.00284313725490196
0.995 0.0028125
0.995 0.00278210116731518
0.995 0.00275193798449612
0.995 0.00272200772200772
0.995 0.00269230769230769
0.995 0.00266283524904215
0.995 0.00263358778625954
0.995 0.00260456273764259
0.995 0.00257575757575758
0.995 0.00254716981132076
0.995 0.0025187969924812
0.995 0.00249063670411985
0.995 0.00246268656716418
0.995 0.00243494423791822
0.995 0.00240740740740741
0.995 0.00238007380073801
0.995 0.00235294117647059
0.995 0.00232600732600733
0.995 0.0022992700729927
0.995 0.00227272727272727
0.995 0.0022463768115942
0.995 0.0022202166064982
0.995 0.00219424460431655
0.995 0.00216845878136201
0.995 0.00214285714285714
0.995 0.00211743772241993
0.995 0.00209219858156028
0.995 0.00206713780918728
0.995 0.00204225352112676
0.995 0.00201754385964912
0.995 0.00199300699300699
0.995 0.00196864111498258
0.995 0.00194444444444444
0.995 0.0019204152249135
0.995 0.00189655172413793
0.995 0.00187285223367698
0.995 0.00184931506849315
0.995 0.0018259385665529
0.995 0.00180272108843537
0.995 0.00177966101694915
0.995 0.00175675675675676
0.995 0.00173400673400673
0.995 0.00171140939597315
0.995 0.00168896321070234
0.995 0.00166666666666667
0.995 0.00164451827242525
0.995 0.00162251655629139
0.995 0.0016006600660066
0.995 0.00157894736842105
0.995 0.00155737704918033
0.995 0.0015359477124183
0.995 0.00151465798045603
0.995 0.00149350649350649
0.995 0.00147249190938511
0.995 0.00145161290322581
0.995 0.00143086816720257
0.995 0.00141025641025641
0.995 0.00138977635782748
0.995 0.00136942675159236
0.995 0.00134920634920635
0.995 0.00132911392405063
0.995 0.00130914826498423
0.995 0.00128930817610063
0.995 0.00126959247648903
0.995 0.00125
0.995 0.00123052959501558
0.995 0.0012111801242236
0.995 0.00119195046439629
0.995 0.00117283950617284
0.995 0.00115384615384615
0.995 0.00113496932515338
0.995 0.00111620795107034
0.995 0.00109756097560976
0.995 0.0010790273556231
0.995 0.00106060606060606
0.995 0.00104229607250755
0.995 0.00102409638554217
0.995 0.00100600600600601
0.995 0.00098802395209581
0.995 0.000970149253731344
0.995 0.000952380952380953
0.995 0.000934718100890209
0.995 0.00091715976331361
0.995 0.000899705014749263
0.995 0.000882352941176471
0.995 0.000865102639296188
0.995 0.000847953216374269
0.995 0.000830903790087464
0.995 0.000813953488372094
0.995 0.000797101449275363
0.995 0.000780346820809249
0.995 0.000763688760806917
0.995 0.00074712643678161
0.995 0.000730659025787966
0.995 0.000714285714285715
0.995 0.000698005698005699
0.995 0.000681818181818183
0.995 0.0006657223796034
0.995 0.000649717514124295
0.995 0.00063380281690141
0.995 0.000617977528089888
0.995 0.000602240896358544
0.995 0.000586592178770951
0.995 0.000571030640668524
0.995 0.000555555555555557
0.995 0.00054016620498615
0.995 0.000524861878453039
0.995 0.000509641873278238
0.995 0.000494505494505496
0.995 0.000479452054794521
0.995 0.000464480874316941
0.995 0.000449591280653952
0.995 0.000434782608695653
0.995 0.000420054200542006
0.995 0.000405405405405406
0.995 0.000390835579514826
0.995 0.000376344086021507
0.995 0.000361930294906167
0.995 0.000347593582887701
0.995 0.000333333333333334
0.995 0.000319148936170213
0.995 0.000305039787798409
0.995 0.000291005291005291
0.995 0.000277044854881267
0.995 0.000263157894736843
0.995 0.000249343832020998
0.995 0.000235602094240839
0.995 0.000221932114882507
0.995 0.000208333333333334
0.995 0.000194805194805196
0.995 0.000181347150259068
0.995 0.00016795865633075
0.995 0.000154639175257733
0.995 0.000141388174807198
0.995 0.000128205128205129
0.995 0.000115089514066497
0.995 0.000102040816326531
0.995 8.90585241730291E-05
0.995 7.61421319796958E-05
0.995 6.32911392405072E-05
0.995 5.05050505050517E-05
0.995 3.77833753148621E-05
0.995 2.51256281407044E-05
0.995 1.25313283208025E-05
0.995 8.67361737988404E-19
0.995 -1.24688279301739E-05
0.995 -2.48756218905466E-05
0.995 -3.72208436724558E-05
0.995 -4.95049504950487E-05
0.995 -6.17283950617277E-05
0.995 -7.38916256157627E-05
0.995 -8.59950859950854E-05
0.995 -9.80392156862738E-05
0.995 -0.00011002444987775
0.995 -0.000121951219512194
0.995 -0.000133819951338199
0.995 -0.000145631067961165
0.995 -0.000157384987893461
0.995 -0.000169082125603864
0.995 -0.000180722891566264
0.995 -0.000192307692307691
0.995 -0.000203836930455635
0.995 -0.000215311004784688
0.995 -0.000226730310262529
0.995 -0.000238095238095237
0.995 -0.000249406175771971
0.995 -0.000260663507109004
0.995 -0.000271867612293144
0.995 -0.000283018867924528
0.995 -0.000294117647058823


-0.0025 0.9975
-0.0025 0.9975
-0.0025 0.140357142857143
-0.0025 0.140357142857143
-0.0025 0.140357142857143
-0.0025 0.140357142857143
-0.0025 0.140357142857143
-0.0025 0.140357142857143
0.4975 0.140357142857143
0.4975 0.130833333333333
0.4975 0.130833333333333
0.4975 0.130833333333333
0.4975 0.130833333333333
0.4975 0.130833333333333
0.4975 0.130833333333333
0.4975 0.130833333333333
0.9975 0.130833333333333
0.9975 0.1225
0.9975 0.115147058823529
0.9975 0.108611111111111
0.9975 0.102763157894737
0.9975 0.0975
0.9975 0.0927380952380952
0.9975 0.0884090909090909
0.9975 0.0844565217391304
0.9975 0.0808333333333333
0.9975 0.0775
0.9975 0.0744230769230769
0.9975 0.0715740740740741
0.9975 0.0689285714285714
0.9975 0.0664655172413793
0.9975 0.0641666666666667
0.9975 0.0620161290322581
0.9975 0.06
0.9975 0.0581060606060606
0.9975 0.0563235294117647
0.9975 0.0546428571428571
0.9975 0.0530555555555556
0.9975 0.0515540540540541
0.9975 0.0501315789473684
0.9975 0.0487820512820513
0.9975 0.0475
0.9975 0.046280487804878
0.9975 0.0451190476190476
0.9975 0.0440116279069767
0.9975 0.0429545454545455
0.9975 0.0419444444444444
0.9975 0.0409782608695652
0.9975 0.0400531914893617
0.9975 0.0391666666666667
0.9975 0.0383163265306122
0.9975 0.0375
0.9975 0.0367156862745098
0.9975 0.0359615384615385
0.9975 0.0352358490566038
0.9975 0.034537037037037
0.9975 0.0338636363636364
0.9975 0.0332142857142857
0.9975 0.0325877192982456
0.9975 0.0319827586206897
0.9975 0.0313983050847458
0.9975 0.0308333333333333
0.9975 0.0302868852459016
0.9975 0.029758064516129
0.9975 0.0292460317460317
0.9975 0.02875
0.9975 0.0282692307692308
0.9975 0.0278030303030303
0.9975 0.0273507462686567
0.9975 0.0269117647058824
0.9975 0.0264855072463768
0.9975 0.0260714285714286
0.9975 0.025669014084507
0.9975 0.0252777777777778
0.9975 0.0248972602739726
0.9975 0.024527027027027
0.9975 0.0241666666666667
0.9975 0.0238157894736842
0.9975 0.023474025974026
0.9975 0.0231410256410256
0.9975 0.0228164556962025
0.9975 0.0225
0.9975 0.0221913580246914
0.9975 0.021890243902439
0.9975 0.0215963855421687
0.9975 0.0213095238095238
0.9975 0.0210294117647059
0.9975 0.0207558139534884
0.9975 0.0204885057471264
0.9975 0.0202272727272727
0.9975 0.0199719101123596
0.9975 0.0197222222222222
0.9975 0.019478021978022
0.9975 0.0192391304347826
0.9975 0.019005376344086
0.9975 0.0187765957446809
0.9975 0.0185526315789474
0.9975 0.0183333333333333
0.9975 0.0181185567010309
0.9975 0.0179081632653061
0.9975 0.0177020202020202
0.9975 0.0175
0.9975 0.0173019801980198
0.9975 0.0171078431372549
0.9975 0.0169174757281553
0.9975 0.0167307692307692
0.9975 0.0165476190476191
0.9975 0.0163679245283019
0.9975 0.0161915887850467
0.9975 0.0160185185185185
0.9975 0.015848623853211
0.9975 0.0156818181818182
0.9975 0.015518018018018
0.9975 0.0153571428571429
0.9975 0.0151991150442478
0.9975 0.0150438596491228
0.9975 0.0148913043478261
0.9975 0.0147413793103448
0.9975 0.0145940170940171
0.9975 0.0144491525423729
0.9975 0.0143067226890756
0.9975 0.0141666666666667
0.9975 0.0140289256198347
0.9975 0.0138934426229508
0.9975 0.013760162601626
0.9975 0.0136290322580645
0.9975 0.0135
0.9975 0.0133730158730159
0.9975 0.013248031496063
0.9975 0.013125
0.9975 0.0130038759689922
0.9975 0.0128846153846154
0.9975 0.0127671755725191
0.9975 0.0126515151515152
0.9975 0.0125375939849624
0.9975 0.0124253731343284
0.9975 0.0123148148148148
0.9975 0.0122058823529412
0.9975 0.0120985401459854
0.9975 0.0119927536231884
0.9975 0.0118884892086331
0.9975 0.0117857142857143
0.9975 0.0116843971631206
0.9975 0.0115845070422535
0.9975 0.011486013986014
0.9975 0.0113888888888889
0.9975 0.0112931034482759
0.9975 0.0111986301369863
0.9975 0.0111054421768707
0.9975 0.0110135135135135
0.9975 0.0109228187919463
0.9975 0.0108333333333333
0.9975 0.0107450331125828
0.9975 0.0106578947368421
0.9975 0.0105718954248366
0.9975 0.010487012987013
0.9975 0.0104032258064516
0.9975 0.0103205128205128
0.9975 0.0102388535031847
0.9975 0.0101582278481013
0.9975 0.0100786163522013
0.9975 0.01
0.9975 0.00992236024844721
0.9975 0.00984567901234568
0.9975 0.00976993865030675
0.9975 0.00969512195121951
0.9975 0.00962121212121212
0.9975 0.00954819277108434
0.9975 0.00947604790419162
0.9975 0.00940476190476191
0.9975 0.00933431952662722
0.9975 0.00926470588235294
0.9975 0.00919590643274854
0.9975 0.00912790697674419
0.9975 0.0090606936416185
0.9975 0.00899425287356322
0.9975 0.00892857142857143
0.9975 0.00886363636363637
0.9975 0.00879943502824859
0.9975 0.00873595505617978
0.9975 0.0086731843575419
0.9975 0.00861111111111111
0.9975 0.00854972375690608
0.9975 0.00848901098901099
0.9975 0.00842896174863388
0.9975 0.00836956521739131
0.9975 0.00831081081081081
0.9975 0.00825268817204301
0.9975 0.0081951871657754
0.9975 0.00813829787234043
0.9975 0.00808201058201058
0.9975 0.00802631578947369
0.9975 0.00797120418848168
0.9975 0.00791666666666667
0.9975 0.00786269430051814
0.9975 0.00780927835051547
0.9975 0.00775641025641026
0.9975 0.00770408163265306
0.9975 0.00765228426395939
0.9975 0.0076010101010101
0.9975 0.00755025125628141
0.9975 0.0075
0.9975 0.00745024875621891
0.9975 0.0074009900990099
0.9975 0.00735221674876847
0.9975 0.00730392156862745
0.9975 0.00725609756097561
0.9975 0.00720873786407767
0.9975 0.00716183574879227
0.9975 0.00711538461538462
0.9975 0.00706937799043062
0.9975 0.00702380952380953
0.9975 0.00697867298578199
0.9975 0.00693396226415094
0.9975 0.00688967136150235
0.9975 0.00684579439252337
0.9975 0.00680232558139535
0.9975 0.00675925925925926
0.9975 0.00671658986175115
0.9975 0.00667431192660551
0.9975 0.0066324200913242
0.9975 0.00659090909090909
0.9975 0.00654977375565611
0.9975 0.00650900900900901
0.9975 0.00646860986547085
0.9975 0.00642857142857143
0.9975 0.00638888888888889
0.9975 0.00634955752212389
0.9975 0.00631057268722467
0.9975 0.0062719298245614
0.9975 0.00623362445414847
0.9975 0.00619565217391304
0.9975 0.00615800865800866
0.9975 0.00612068965517241
0.9975 0.00608369098712446
0.9975 0.00604700854700855
0.9975 0.00601063829787234
0.9975 0.00597457627118644
0.9975 0.00593881856540084
0.9975 0.00590336134453782
0.9975 0.00586820083682008
0.9975 0.00583333333333333
0.9975 0.00579875518672199
0.9975 0.00576446280991736
0.9975 0.00573045267489712
0.9975 0.00569672131147541
0.9975 0.00566326530612245
0.9975 0.00563008130081301
0.9975 0.00559716599190284
0.9975 0.00556451612903226
0.9975 0.00553212851405623
0.9975 0.0055
0.9975 0.00546812749003984
0.9975 0.00543650793650794
0.9975 0.00540513833992095
0.9975 0.0053740157480315
0.9975 0.00534313725490196
0.9975 0.0053125
0.9975 0.00528210116731518
0.9975 0.00525193798449613
0.9975 0.00522200772200772
0.9975 0.00519230769230769
0.9975 0.00516283524904215
0.9975 0.00513358778625954
0.9975 0.00510456273764259
0.9975 0.00507575757575758
0.9975 0.00504716981132076
0.9975 0.0050187969924812
0.9975 0.00499063670411985
0.9975 0.00496268656716418
0.9975 0.00493494423791822
0.9975 0.00490740740740741
0.9975 0.00488007380073801
0.9975 0.00485294117647059
0.9975 0.00482600732600733
0.9975 0.0047992700729927
0.9975 0.00477272727272727
0.9975 0.0047463768115942
0.9975 0.0047202166064982
0.9975 0.00469424460431655
0.9975 0.00466845878136201
0.9975 0.00464285714285714
0.9975 0.00461743772241993
0.9975 0.00459219858156028
0.9975 0.00456713780918728
0.9975 0.00454225352112676
0.9975 0.00451754385964912
0.9975 0.00449300699300699
0.9975 0.00446864111498258
0.9975 0.00444444444444445
0.9975 0.0044204152249135
0.9975 0.00439655172413793
0.9975 0.00437285223367698
0.9975 0.00434931506849315
0.9975 0.0043259385665529
0.9975 0.00430272108843537
0.9975 0.00427966101694915
0.9975 0.00425675675675676
0.9975 0.00423400673400673
0.9975 0.00421140939597315
0.9975 0.00418896321070234
0.9975 0.00416666666666667
0.9975 0.00414451827242525
0.9975 0.00412251655629139
0.9975 0.0041006600660066
0.9975 0.00407894736842105
0.9975 0.00405737704918033
0.9975 0.0040359477124183
0.9975 0.00401465798045603
0.9975 0.0039935064935065
0.9975 0.00397249190938511
0.9975 0.00395161290322581
0.9975 0.00393086816720257
0.9975 0.00391025641025641
0.9975 0.00388977635782748
0.9975 0.00386942675159236
0.9975 0.00384920634920635
0.9975 0.00382911392405063
0.9975 0.00380914826498423
0.9975 0.00378930817610063
0.9975 0.00376959247648903
0.9975 0.00375
0.9975 0.00373052959501558
0.9975 0.0037111801242236
0.9975 0.00369195046439629
0.9975 0.00367283950617284
0.9975 0.00365384615384615
0.9975 0.00363496932515338
0.9975 0.00361620795107034
0.9975 0.00359756097560976
0.9975 0.0035790273556231
0.9975 0.00356060606060606
0.9975 0.00354229607250755
0.9975 0.00352409638554217
0.9975 0.00350600600600601
0.9975 0.00348802395209581
0.9975 0.00347014925373134
0.9975 0.00345238095238095
0.9975 0.00343471810089021
0.9975 0.00341715976331361
0.9975 0.00339970501474926
0.9975 0.00338235294117647
0.9975 0.00336510263929619
0.9975 0.00334795321637427
0.9975 0.00333090379008746
0.9975 0.00331395348837209
0.9975 0.00329710144927536
0.9975 0.00328034682080925
0.9975 0.00326368876080692
0.9975 0.00324712643678161
0.9975 0.00323065902578797
0.9975 0.00321428571428572
0.9975 0.0031980056980057
0.9975 0.00318181818181818
0.9975 0.0031657223796034
0.9975 0.00314971751412429
0.9975 0.00313380281690141
0.9975 0.00311797752808989
0.9975 0.00310224089635854
0.9975 0.00308659217877095
0.9975 0.00307103064066852
0.9975 0.00305555555555556
0.9975 0.00304016620498615
0.9975 0.00302486187845304
0.9975 0.00300964187327824
0.9975 0.0029945054945055
0.9975 0.00297945205479452
0.9975 0.00296448087431694
0.9975 0.00294959128065395
0.9975 0.00293478260869565
0.9975 0.00292005420054201
0.9975 0.00290540540540541
0.9975 0.00289083557951483
0.9975 0.00287634408602151
0.9975 0.00286193029490617
0.9975 0.0028475935828877
0.9975 0.00283333333333333
0.9975 0.00281914893617021
0.9975 0.00280503978779841
0.9975 0.00279100529100529
0.9975 0.00277704485488127
0.9975 0.00276315789473684
0.9975 0.002749343832021
0.9975 0.00273560209424084
0.9975 0.00272193211488251
0.9975 0.00270833333333333
0.9975 0.0026948051948052
0.9975 0.00268134715025907
0.9975 0.00266795865633075
0.9975 0.00265463917525773
0.9975 0.0026413881748072
0.9975 0.00262820512820513
0.9975 0.0026150895140665
0.9975 0.00260204081632653
0.9975 0.00258905852417303
0.9975 0.0025761421319797
0.9975 0.00256329113924051
0.9975 0.00255050505050505
0.9975 0.00253778337531486
0.9975 0.0025251256281407
0.9975 0.0025125313283208
0.9975 0.0025
0.9975 0.00248753117206983
0.9975 0.00247512437810945
0.9975 0.00246277915632754
0.9975 0.00245049504950495
0.9975 0.00243827160493827
0.9975 0.00242610837438424
0.9975 0.00241400491400491
0.9975 0.00240196078431373
0.9975 0.00238997555012225
0.9975 0.00237804878048781
0.9975 0.0023661800486618
0.9975 0.00235436893203884
0.9975 0.00234261501210654
0.9975 0.00233091787439614
0.9975 0.00231927710843374
0.9975 0.00230769230769231
0.9975 0.00229616306954437
0.9975 0.00228468899521531
0.9975 0.00227326968973747
0.9975 0.00226190476190476
0.9975 0.00225059382422803
0.9975 0.002239336492891
0.9975 0.00222813238770686
0.9975 0.00221698113207547
0.9975 0.00220588235294118


8.67361737988404E-19 1
8.67361737988404E-19 1
0.5 1
0.5 0.5
0.5 0.333333333333333
0.5 0.333333333333333
0.5 0.333333333333333
1 0.333333333333333
1 0.285714285714286
1 0.25
1 0.222222222222222
1 0.2
1 0.181818181818182
1 0.166666666666667
1 0.153846153846154
1 0.142857142857143
1 0.133333333333333
1 0.125
1 0.117647058823529
1 0.111111111111111
1 0.105263157894737
1 0.1
1 0.0952380952380952
1 0.0909090909090909
1 0.0869565217391304
1 0.0833333333333333
1 0.08
1 0.0769230769230769
1 0.0740740740740741
1 0.0714285714285714
1 0.0689655172413793
1 0.0666666666666667
1 0.0645161290322581
1 0.0625
1 0.0606060606060606
1 0.0588235294117647
1 0.0571428571428571
1 0.0555555555555556
1 0.0540540540540541
1 0.0526315789473684
1 0.0512820512820513
1 0.05
1 0.0487804878048781
1 0.0476190476190476
1 0.0465116279069767
1 0.0454545454545455
1 0.0444444444444444
1 0.0434782608695652
1 0.0425531914893617
1 0.0416666666666667
1 0.0408163265306122
1 0.04
1 0.0392156862745098
1 0.0384615384615385
1 0.0377358490566038
1 0.037037037037037
1 0.0363636363636364
1 0.0357142857142857
1 0.0350877192982456
1 0.0344827586206897
1 0.0338983050847458
1 0.0333333333333333
1 0.0327868852459016
1 0.032258064516129
1 0.0317460317460317
1 0.03125
1 0.0307692307692308
1 0.0303030303030303
1 0.0298507462686567
1 0.0294117647058824
1 0.0289855072463768
1 0.0285714285714286
1 0.028169014084507
1 0.0277777777777778
1 0.0273972602739726
1 0.027027027027027
1 0.0266666666666667
1 0.0263157894736842
1 0.025974025974026
1 0.0256410256410256
1 0.0253164556962025
1 0.025
1 0.0246913580246914
1 0.024390243902439
1 0.0240963855421687
1 0.0238095238095238
1 0.0235294117647059
1 0.0232558139534884
1 0.0229885057471264
1 0.0227272727272727
1 0.0224719101123596
1 0.0222222222222222
1 0.021978021978022
1 0.0217391304347826
1 0.021505376344086
1 0.0212765957446809
1 0.0210526315789474
1 0.0208333333333333
1 0.0206185567010309
1 0.0204081632653061
1 0.0202020202020202
1 0.02
1 0.0198019801980198
1 0.0196078431372549
1 0.0194174757281553
1 0.0192307692307692
1 0.019047619047619
1 0.0188679245283019
1 0.0186915887850467
1 0.0185185185185185
1 0.018348623853211
1 0.0181818181818182
1 0.018018018018018
1 0.0178571428571429
1 0.0176991150442478
1 0.0175438596491228
1 0.0173913043478261
1 0.0172413793103448
1 0.0170940170940171
1 0.0169491525423729
1 0.0168067226890756
1 0.0166666666666667
1 0.0165289256198347
1 0.0163934426229508
1 0.016260162601626
1 0.0161290322580645
1 0.016
1 0.0158730158730159
1 0.015748031496063
1 0.015625
1 0.0155038759689922
1 0.0153846153846154
1 0.0152671755725191
1 0.0151515151515152
1 0.0150375939849624
1 0.0149253731343284
1 0.0148148148148148
1 0.0147058823529412
1 0.0145985401459854
1 0.0144927536231884
1 0.0143884892086331
1 0.0142857142857143
1 0.0141843971631206
1 0.0140845070422535
1 0.013986013986014
1 0.0138888888888889
1 0.0137931034482759
1 0.0136986301369863
1 0.0136054421768707
1 0.0135135135135135
1 0.0134228187919463
1 0.0133333333333333
1 0.0132450331125828
1 0.0131578947368421
1 0.0130718954248366
1 0.012987012987013
1 0.0129032258064516
1 0.0128205128205128
1 0.0127388535031847
1 0.0126582278481013
1 0.0125786163522013
1 0.0125
1 0.0124223602484472
1 0.0123456790123457
1 0.0122699386503068
1 0.0121951219512195
1 0.0121212121212121
1 0.0120481927710843
1 0.0119760479041916
1 0.0119047619047619
1 0.0118343195266272
1 0.0117647058823529
1 0.0116959064327485
1 0.0116279069767442
1 0.0115606936416185
1 0.0114942528735632
1 0.0114285714285714
1 0.0113636363636364
1 0.0112994350282486
1 0.0112359550561798
1 0.0111731843575419
1 0.0111111111111111
1 0.0110497237569061
1 0.010989010989011
1 0.0109289617486339
1 0.0108695652173913
1 0.0108108108108108
1 0.010752688172043
1 0.0106951871657754
1 0.0106382978723404
1 0.0105820105820106
1 0.0105263157894737
1 0.0104712041884817
1 0.0104166666666667
1 0.0103626943005181
1 0.0103092783505155
1 0.0102564102564103
1 0.0102040816326531
1 0.0101522842639594
1 0.0101010101010101
1 0.0100502512562814
1 0.01
1 0.00995024875621891
1 0.0099009900990099
1 0.00985221674876847
1 0.00980392156862745
1 0.00975609756097561
1 0.00970873786407767
1 0.00966183574879227
1 0.00961538461538462
1 0.00956937799043062
1 0.00952380952380952
1 0.00947867298578199
1 0.00943396226415094
1 0.00938967136150235
1 0.00934579439252337
1 0.00930232558139535
1 0.00925925925925926
1 0.00921658986175115
1 0.00917431192660551
1 0.0091324200913242
1 0.00909090909090909
1 0.00904977375565611
1 0.00900900900900901
1 0.00896860986547085
1 0.00892857142857143
1 0.00888888888888889
1 0.00884955752212389
1 0.00881057268722467
1 0.0087719298245614
1 0.00873362445414847
1 0.00869565217391305
1 0.00865800865800866
1 0.00862068965517241
1 0.00858369098712446
1 0.00854700854700855
1 0.00851063829787234
1 0.00847457627118644
1 0.00843881856540084
1 0.00840336134453782
1 0.00836820083682008
1 0.00833333333333334
1 0.00829875518672199
1 0.00826446280991736
1 0.00823045267489712
1 0.00819672131147541
1 0.00816326530612245
1 0.00813008130081301
1 0.00809716599190283
1 0.00806451612903226
1 0.00803212851405622
1 0.008
1 0.00796812749003984
1 0.00793650793650794
1 0.00790513833992095
1 0.0078740157480315
1 0.00784313725490196
1 0.0078125
1 0.00778210116731518
1 0.00775193798449612
1 0.00772200772200772
1 0.00769230769230769
1 0.00766283524904215
1 0.00763358778625954
1 0.00760456273764259
1 0.00757575757575758
1 0.00754716981132076
1 0.0075187969924812
1 0.00749063670411985
1 0.00746268656716418
1 0.00743494423791822
1 0.00740740740740741
1 0.00738007380073801
1 0.00735294117647059
1 0.00732600732600733
1 0.0072992700729927
1 0.00727272727272727
1 0.0072463768115942
1 0.0072202166064982
1 0.00719424460431655
1 0.00716845878136201
1 0.00714285714285714
1 0.00711743772241993
1 0.00709219858156028
1 0.00706713780918728
1 0.00704225352112676
1 0.00701754385964912
1 0.00699300699300699
1 0.00696864111498258
1 0.00694444444444444
1 0.0069204152249135
1 0.00689655172413793
1 0.00687285223367698
1 0.00684931506849315
1 0.0068259385665529
1 0.00680272108843537
1 0.00677966101694915
1 0.00675675675675676
1 0.00673400673400673
1 0.00671140939597316
1 0.00668896321070234
1 0.00666666666666667
1 0.00664451827242525
1 0.00662251655629139
1 0.0066006600660066
1 0.00657894736842105
1 0.00655737704918033
1 0.0065359477124183
1 0.00651465798045603
1 0.00649350649350649
1 0.00647249190938511
1 0.00645161290322581
1 0.00643086816720257
1 0.00641025641025641
1 0.00638977635782748
1 0.00636942675159236
1 0.00634920634920635
1 0.00632911392405063
1 0.00630914826498423
1 0.00628930817610063
1 0.00626959247648903
1 0.00625
1 0.00623052959501558
1 0.0062111801242236
1 0.00619195046439629
1 0.00617283950617284
1 0.00615384615384615
1 0.00613496932515338
1 0.00611620795107034
1 0.00609756097560976
1 0.0060790273556231
1 0.00606060606060606
1 0.00604229607250755
1 0.00602409638554217
1 0.00600600600600601
1 0.00598802395209581
1 0.00597014925373134
1 0.00595238095238095
1 0.00593471810089021
1 0.00591715976331361
1 0.00589970501474926
1 0.00588235294117647
1 0.00586510263929619
1 0.00584795321637427
1 0.00583090379008746
1 0.00581395348837209
1 0.00579710144927536
1 0.00578034682080925
1 0.00576368876080692
1 0.00574712643678161
1 0.00573065902578797
1 0.00571428571428572
1 0.0056980056980057
1 0.00568181818181818
1 0.0056657223796034
1 0.00564971751412429
1 0.00563380281690141
1 0.00561797752808989
1 0.00560224089635854
1 0.00558659217877095
1 0.00557103064066852
1 0.00555555555555556
1 0.00554016620498615
1 0.00552486187845304
1 0.00550964187327824
1 0.0054945054945055
1 0.00547945205479452
1 0.00546448087431694
1 0.00544959128065395
1 0.00543478260869565
1 0.00542005420054201
1 0.00540540540540541
1 0.00539083557951483
1 0.00537634408602151
1 0.00536193029490617
1 0.0053475935828877
1 0.00533333333333333
1 0.00531914893617021
1 0.00530503978779841
1 0.00529100529100529
1 0.00527704485488127
1 0.00526315789473684
1 0.005249343832021
1 0.00523560209424084
1 0.00522193211488251
1 0.00520833333333333
1 0.0051948051948052
1 0.00518134715025907
1 0.00516795865633075
1 0.00515463917525773
1 0.0051413881748072
1 0.00512820512820513
1 0.0051150895140665
1 0.00510204081632653
1 0.00508905852417303
1 0.0050761421319797
1 0.00506329113924051
1 0.00505050505050505
1 0.00503778337531486
1 0.0050251256281407
1 0.0050125313283208
1 0.005
1 0.00498753117206983
1 0.00497512437810945
1 0.00496277915632754
1 0.00495049504950495
1 0.00493827160493827
1 0.00492610837438424
1 0.00491400491400491
1 0.00490196078431373
1 0.00488997555012225
1 0.00487804878048781
1 0.0048661800486618
1 0.00485436893203884
1 0.00484261501210654
1 0.00483091787439614
1 0.00481927710843374
1 0.00480769230769231
1 0.00479616306954437
1 0.00478468899521531
1 0.00477326968973747
1 0.00476190476190476
1 0.00475059382422803
1 0.004739336492891
1 0.00472813238770686
1 0.00471698113207547
1 0.00470588235294118


0.0025 1.0025
0.0025 1.0025
0.0025 0.5025
0.5025 0.5025
0.5025 0.335833333333333
0.5025 0.2525
0.5025 0.2025
0.5025 0.2025
0.5025 0.2025
0.5025 0.2025
0.5025 0.2025
1.0025 0.2025
1.0025 0.184318181818182
1.0025 0.169166666666667
1.0025 0.156346153846154
1.0025 0.145357142857143
1.0025 0.135833333333333
1.0025 0.1275
1.0025 0.120147058823529
1.0025 0.113611111111111
1.0025 0.107763157894737
1.0025 0.1025
1.0025 0.0977380952380952
1.0025 0.0934090909090909
1.0025 0.0894565217391304
1.0025 0.0858333333333333
1.0025 0.0825
1.0025 0.0794230769230769
1.0025 0.0765740740740741
1.0025 0.0739285714285714
1.0025 0.0714655172413793
1.0025 0.0691666666666667
1.0025 0.0670161290322581
1.0025 0.065
1.0025 0.0631060606060606
1.0025 0.0613235294117647
1.0025 0.0596428571428571
1.0025 0.0580555555555556
1.0025 0.0565540540540541
1.0025 0.0551315789473684
1.0025 0.0537820512820513
1.0025 0.0525
1.0025 0.0512804878048781
1.0025 0.0501190476190476
1.0025 0.0490116279069767
1.0025 0.0479545454545455
1.0025 0.0469444444444444
1.0025 0.0459782608695652
1.0025 0.0450531914893617
1.0025 0.0441666666666667
1.0025 0.0433163265306122
1.0025 0.0425
1.0025 0.0417156862745098
1.0025 0.0409615384615385
1.0025 0.0402358490566038
1.0025 0.039537037037037
1.0025 0.0388636363636364
1.0025 0.0382142857142857
1.0025 0.0375877192982456
1.0025 0.0369827586206897
1.0025 0.0363983050847458
1.0025 0.0358333333333333
1.0025 0.0352868852459016
1.0025 0.034758064516129
1.0025 0.0342460317460317
1.0025 0.03375
1.0025 0.0332692307692308
1.0025 0.0328030303030303
1.0025 0.0323507462686567
1.0025 0.0319117647058824
1.0025 0.0314855072463768
1.0025 0.0310714285714286
1.0025 0.030669014084507
1.0025 0.0302777777777778
1.0025 0.0298972602739726
1.0025 0.029527027027027
1.0025 0.0291666666666667
1.0025 0.0288157894736842
1.0025 0.028474025974026
1.0025 0.0281410256410256
1.0025 0.0278164556962025
1.0025 0.0275
1.0025 0.0271913580246914
1.0025 0.026890243902439
1.0025 0.0265963855421687
1.0025 0.0263095238095238
1.0025 0.0260294117647059
1.0025 0.0257558139534884
1.0025 0.0254885057471264
1.0025 0.0252272727272727
1.0025 0.0249719101123596
1.0025 0.0247222222222222
1.0025 0.024478021978022
1.0025 0.0242391304347826
1.0025 0.024005376344086
1.0025 0.0237765957446809
1.0025 0.0235526315789474
1.0025 0.0233333333333333
1.0025 0.0231185567010309
1.0025 0.0229081632653061
1.0025 0.0227020202020202
1.0025 0.0225
1.0025 0.0223019801980198
1.0025 0.0221078431372549
1.0025 0.0219174757281553
1.0025 0.0217307692307692
1.0025 0.0215476190476191
1.0025 0.0213679245283019
1.0025 0.0211915887850467
1.0025 0.0210185185185185
1.0025 0.020848623853211
1.0025 0.0206818181818182
1.0025 0.020518018018018
1.0025 0.0203571428571429
1.0025 0.0201991150442478
1.0025 0.0200438596491228
1.0025 0.0198913043478261
1.0025 0.0197413793103448
1.0025 0.0195940170940171
1.0025 0.0194491525423729
1.0025 0.0193067226890756
1.0025 0.0191666666666667
1.0025 0.0190289256198347
1.0025 0.0188934426229508
1.0025 0.018760162601626
1.0025 0.0186290322580645
1.0025 0.0185
1.0025 0.0183730158730159
1.0025 0.018248031496063
1.0025 0.018125
1.0025 0.0180038759689923
1.0025 0.0178846153846154
1.0025 0.0177671755725191
1.0025 0.0176515151515152
1.0025 0.0175375939849624
1.0025 0.0174253731343284
1.0025 0.0173148148148148
1.0025 0.0172058823529412
1.0025 0.0170985401459854
1.0025 0.0169927536231884
1.0025 0.0168884892086331
1.0025 0.0167857142857143
1.0025 0.0166843971631206
1.0025 0.0165845070422535
1.0025 0.016486013986014
1.0025 0.0163888888888889
1.0025 0.0162931034482759
1.0025 0.0161986301369863
1.0025 0.0161054421768707
1.0025 0.0160135135135135
1.0025 0.0159228187919463
1.0025 0.0158333333333333
1.0025 0.0157450331125828
1.0025 0.0156578947368421
1.0025 0.0155718954248366
1.0025 0.015487012987013
1.0025 0.0154032258064516
1.0025 0.0153205128205128
1.0025 0.0152388535031847
1.0025 0.0151582278481013
1.0025 0.0150786163522013
1.0025 0.015
1.0025 0.0149223602484472
1.0025 0.0148456790123457
1.0025 0.0147699386503067
1.0025 0.0146951219512195
1.0025 0.0146212121212121
1.0025 0.0145481927710843
1.0025 0.0144760479041916
1.0025 0.0144047619047619
1.0025 0.0143343195266272
1.0025 0.0142647058823529
1.0025 0.0141959064327485
1.0025 0.0141279069767442
1.0025 0.0140606936416185
1.0025 0.0139942528735632
1.0025 0.0139285714285714
1.0025 0.0138636363636364
1.0025 0.0137994350282486
1.0025 0.0137359550561798
1.0025 0.0136731843575419
1.0025 0.0136111111111111
1.0025 0.0135497237569061
1.0025 0.013489010989011
1.0025 0.0134289617486339
1.0025 0.0133695652173913
1.0025 0.0133108108108108
1.0025 0.013252688172043
1.0025 0.0131951871657754
1.0025 0.0131382978723404
1.0025 0.0130820105820106
1.0025 0.0130263157894737
1.0025 0.0129712041884817
1.0025 0.0129166666666667
1.0025 0.0128626943005181
1.0025 0.0128092783505155
1.0025 0.0127564102564103
1.0025 0.0127040816326531
1.0025 0.0126522842639594
1.0025 0.0126010101010101
1.0025 0.0125502512562814
1.0025 0.0125
1.0025 0.0124502487562189
1.0025 0.0124009900990099
1.0025 0.0123522167487685
1.0025 0.0123039215686275
1.0025 0.0122560975609756
1.0025 0.0122087378640777
1.0025 0.0121618357487923
1.0025 0.0121153846153846
1.0025 0.0120693779904306
1.0025 0.0120238095238095
1.0025 0.011978672985782
1.0025 0.0119339622641509
1.0025 0.0118896713615023
1.0025 0.0118457943925234
1.0025 0.0118023255813953
1.0025 0.0117592592592593
1.0025 0.0117165898617512
1.0025 0.0116743119266055
1.0025 0.0116324200913242
1.0025 0.0115909090909091
1.0025 0.0115497737556561
1.0025 0.011509009009009
1.0025 0.0114686098654709
1.0025 0.0114285714285714
1.0025 0.0113888888888889
1.0025 0.0113495575221239
1.0025 0.0113105726872247
1.0025 0.0112719298245614
1.0025 0.0112336244541485
1.0025 0.011195652173913
1.0025 0.0111580086580087
1.0025 0.0111206896551724
1.0025 0.0110836909871245
1.0025 0.0110470085470085
1.0025 0.0110106382978723
1.0025 0.0109745762711864
1.0025 0.0109388185654008
1.0025 0.0109033613445378
1.0025 0.0108682008368201
1.0025 0.0108333333333333
1.0025 0.010798755186722
1.0025 0.0107644628099174
1.0025 0.0107304526748971
1.0025 0.0106967213114754
1.0025 0.0106632653061225
1.0025 0.010630081300813
1.0025 0.0105971659919028
1.0025 0.0105645161290323
1.0025 0.0105321285140562
1.0025 0.0105
1.0025 0.0104681274900398
1.0025 0.0104365079365079
1.0025 0.0104051383399209
1.0025 0.0103740157480315
1.0025 0.010343137254902
1.0025 0.0103125
1.0025 0.0102821011673152
1.0025 0.0102519379844961
1.0025 0.0102220077220077
1.0025 0.0101923076923077
1.0025 0.0101628352490421
1.0025 0.0101335877862595
1.0025 0.0101045627376426
1.0025 0.0100757575757576
1.0025 0.0100471698113208
1.0025 0.0100187969924812
1.0025 0.00999063670411985
1.0025 0.00996268656716418
1.0025 0.00993494423791822
1.0025 0.00990740740740741
1.0025 0.00988007380073801
1.0025 0.00985294117647059
1.0025 0.00982600732600733
1.0025 0.0097992700729927
1.0025 0.00977272727272727
1.0025 0.0097463768115942
1.0025 0.0097202166064982
1.0025 0.00969424460431655
1.0025 0.00966845878136201
1.0025 0.00964285714285714
1.0025 0.00961743772241993
1.0025 0.00959219858156028
1.0025 0.00956713780918728
1.0025 0.00954225352112676
1.0025 0.00951754385964912
1.0025 0.00949300699300699
1.0025 0.00946864111498258
1.0025 0.00944444444444444
1.0025 0.0094204152249135
1.0025 0.00939655172413793
1.0025 0.00937285223367698
1.0025 0.00934931506849315
1.0025 0.0093259385665529
1.0025 0.00930272108843538
1.0025 0.00927966101694915
1.0025 0.00925675675675676
1.0025 0.00923400673400674
1.0025 0.00921140939597316
1.0025 0.00918896321070234
1.0025 0.00916666666666667
1.0025 0.00914451827242525
1.0025 0.00912251655629139
1.0025 0.0091006600660066
1.0025 0.00907894736842105
1.0025 0.00905737704918033
1.0025 0.0090359477124183
1.0025 0.00901465798045603
1.0025 0.00899350649350649
1.0025 0.00897249190938511
1.0025 0.00895161290322581
1.0025 0.00893086816720257
1.0025 0.00891025641025641
1.0025 0.00888977635782748
1.0025 0.00886942675159236
1.0025 0.00884920634920635
1.0025 0.00882911392405063
1.0025 0.00880914826498423
1.0025 0.00878930817610063
1.0025 0.00876959247648903
1.0025 0.00875
1.0025 0.00873052959501558
1.0025 0.0087111801242236
1.0025 0.00869195046439629
1.0025 0.00867283950617284
1.0025 0.00865384615384615
1.0025 0.00863496932515338
1.0025 0.00861620795107034
1.0025 0.00859756097560976
1.0025 0.0085790273556231
1.0025 0.00856060606060606
1.0025 0.00854229607250755
1.0025 0.00852409638554217
1.0025 0.00850600600600601
1.0025 0.00848802395209581
1.0025 0.00847014925373134
1.0025 0.00845238095238095
1.0025 0.00843471810089021
1.0025 0.00841715976331361
1.0025 0.00839970501474926
1.0025 0.00838235294117647
1.0025 0.00836510263929619
1.0025 0.00834795321637427
1.0025 0.00833090379008746
1.0025 0.00831395348837209
1.0025 0.00829710144927536
1.0025 0.00828034682080925
1.0025 0.00826368876080692
1.0025 0.00824712643678161
1.0025 0.00823065902578797
1.0025 0.00821428571428572
1.0025 0.0081980056980057
1.0025 0.00818181818181818
1.0025 0.0081657223796034
1.0025 0.00814971751412429
1.0025 0.00813380281690141
1.0025 0.00811797752808989
1.0025 0.00810224089635854
1.0025 0.00808659217877095
1.0025 0.00807103064066853
1.0025 0.00805555555555556
1.0025 0.00804016620498615
1.0025 0.00802486187845304
1.0025 0.00800964187327824
1.0025 0.0079945054945055
1.0025 0.00797945205479452
1.0025 0.00796448087431694
1.0025 0.00794959128065395
1.0025 0.00793478260869565
1.0025 0.00792005420054201
1.0025 0.00790540540540541
1.0025 0.00789083557951483
1.0025 0.00787634408602151
1.0025 0.00786193029490617
1.0025 0.0078475935828877
1.0025 0.00783333333333333
1.0025 0.00781914893617021
1.0025 0.00780503978779841
1.0025 0.00779100529100529
1.0025 0.00777704485488127
1.0025 0.00776315789473684
1.0025 0.007749343832021
1.0025 0.00773560209424084
1.0025 0.00772193211488251
1.0025 0.00770833333333333
1.0025 0.0076948051948052
1.0025 0.00768134715025907
1.0025 0.00766795865633075
1.0025 0.00765463917525773
1.0025 0.0076413881748072
1.0025 0.00762820512820513
1.0025 0.0076150895140665
1.0025 0.00760204081632653
1.0025 0.00758905852417303
1.0025 0.0075761421319797
1.0025 0.00756329113924051
1.0025 0.00755050505050505
1.0025 0.00753778337531486
1.0025 0.0075251256281407
1.0025 0.0075125313283208
1.0025 0.0075
1.0025 0.00748753117206983
1.0025 0.00747512437810945
1.0025 0.00746277915632754
1.0025 0.00745049504950495
1.0025 0.00743827160493827
1.0025 0.00742610837438424
1.0025 0.00741400491400492
1.0025 0.00740196078431373
1.0025 0.00738997555012225
1.0025 0.00737804878048781
1.0025 0.0073661800486618
1.0025 0.00735436893203884
1.0025 0.00734261501210654
1.0025 0.00733091787439614
1.0025 0.00731927710843374
1.0025 0.00730769230769231
1.0025 0.00729616306954436
1.0025 0.00728468899521531
1.0025 0.00727326968973747
1.0025 0.00726190476190476
1.0025 0.00725059382422803
1.0025 0.007239336492891
1.0025 0.00722813238770686
1.0025 0.00721698113207547
1.0025 0.00720588235294118


