-0.005 0.995
-0.005 0.995
0.137857142857143 0.995
0.137857142857143 0.495
0.137857142857143 0.328333333333333
0.137857142857143 0.280714285714286
0.137857142857143 0.280714285714286
0.137857142857143 0.280714285714286
0.280714285714286 0.280714285714286
0.280714285714286 0.245
0.280714285714286 0.217222222222222
0.280714285714286 0.195
0.280714285714286 0.176818181818182
0.280714285714286 0.161666666666667
0.280714285714286 0.148846153846154
0.280714285714286 0.137857142857143
0.280714285714286 0.128333333333333
0.280714285714286 0.12
0.280714285714286 0.112647058823529
0.280714285714286 0.106111111111111
0.280714285714286 0.100263157894737
0.280714285714286 0.095
0.280714285714286 0.0902380952380952
0.280714285714286 0.0859090909090909
0.280714285714286 0.0819565217391304
0.280714285714286 0.0783333333333333
0.280714285714286 0.0783333333333333
0.280714285714286 0.0783333333333333
0.280714285714286 0.0783333333333333
0.280714285714286 0.0783333333333333
0.280714285714286 0.0783333333333333
0.280714285714286 0.0783333333333333
0.280714285714286 0.0783333333333333
0.280714285714286 0.0783333333333333
0.280714285714286 0.0783333333333333
0.280714285714286 0.0783333333333333
0.280714285714286 0.0783333333333333
0.423571428571429 0.0783333333333333
0.423571428571429 0.0760810810810811
0.423571428571429 0.0739473684210526
0.423571428571429 0.0719230769230769
0.423571428571429 0.07
0.423571428571429 0.0681707317073171
0.423571428571429 0.0664285714285714
0.423571428571429 0.0647674418604651
0.423571428571429 0.0631818181818182
0.423571428571429 0.0616666666666667
0.423571428571429 0.0602173913043478
0.423571428571429 0.0588297872340426
0.423571428571429 0.0575
0.423571428571429 0.0575
0.423571428571429 0.0575
0.423571428571429 0.0575
0.423571428571429 0.0575
0.423571428571429 0.0575
0.423571428571429 0.0575
0.423571428571429 0.0575
0.423571428571429 0.0575
0.423571428571429 0.0575
0.423571428571429 0.0575
0.423571428571429 0.0575
0.423571428571429 0.0575
0.423571428571429 0.0575
0.423571428571429 0.0575
0.423571428571429 0.0575
0.566428571428571 0.0575
0.566428571428571 0.0565384615384615
0.566428571428571 0.0556060606060606
0.566428571428571 0.0547014925373134
0.566428571428571 0.0538235294117647
0.566428571428571 0.0529710144927536
0.566428571428571 0.0521428571428571
0.566428571428571 0.0513380281690141
0.566428571428571 0.0505555555555556
0.566428571428571 0.0497945205479452
0.566428571428571 0.0490540540540541
0.566428571428571 0.0483333333333333
0.566428571428571 0.0476315789473684
0.566428571428571 0.046948051948052
0.566428571428571 0.0462820512820513
0.566428571428571 0.0456329113924051
0.566428571428571 0.045
0.566428571428571 0.0443827160493827
0.566428571428571 0.0437804878048781
0.566428571428571 0.0431927710843374
0.566428571428571 0.0426190476190476
0.566428571428571 0.0420588235294118
0.566428571428571 0.0415116279069767
0.566428571428571 0.0409770114942529
0.566428571428571 0.0404545454545455
0.566428571428571 0.0399438202247191
0.566428571428571 0.0394444444444444
0.566428571428571 0.038956043956044
0.566428571428571 0.0384782608695652
0.566428571428571 0.038010752688172
0.566428571428571 0.0375531914893617
0.566428571428571 0.0371052631578947
0.566428571428571 0.0366666666666667
0.566428571428571 0.0362371134020619
0.566428571428571 0.0358163265306122
0.566428571428571 0.0354040404040404
0.566428571428571 0.035
0.566428571428571 0.0346039603960396
0.566428571428571 0.0342156862745098
0.566428571428571 0.0338349514563107
0.566428571428571 0.0334615384615385
0.566428571428571 0.0330952380952381
0.566428571428571 0.0327358490566038
0.566428571428571 0.0323831775700935
0.566428571428571 0.032037037037037
0.566428571428571 0.031697247706422
0.566428571428571 0.0313636363636364
0.566428571428571 0.031036036036036
0.566428571428571 0.0307142857142857
0.566428571428571 0.0303982300884956
0.566428571428571 0.0300877192982456
0.566428571428571 0.0297826086956522
0.566428571428571 0.0294827586206897
0.566428571428571 0.0291880341880342
0.566428571428571 0.0288983050847458
0.566428571428571 0.0286134453781513
0.566428571428571 0.0283333333333333
0.566428571428571 0.0280578512396694
0.566428571428571 0.0277868852459016
0.566428571428571 0.027520325203252
0.566428571428571 0.027258064516129
0.566428571428571 0.0270855614973262
0.566428571428571 0.0270855614973262
0.566428571428571 0.0270855614973262
0.566428571428571 0.0270855614973262
0.566428571428571 0.0270855614973262
0.566428571428571 0.0270855614973262
0.566428571428571 0.0270855614973262
0.566428571428571 0.0270855614973262
0.566428571428571 0.0270855614973262
0.566428571428571 0.0270855614973262
0.566428571428571 0.0270855614973262
0.566428571428571 0.0270855614973262
0.566428571428571 0.0270855614973262
0.566428571428571 0.0270855614973262
0.566428571428571 0.0270855614973262
0.566428571428571 0.0270855614973262
0.566428571428571 0.0270855614973262
0.566428571428571 0.0270855614973262
0.566428571428571 0.0270855614973262
0.566428571428571 0.0270855614973262
0.566428571428571 0.0270855614973262
0.566428571428571 0.0270855614973262
0.566428571428571 0.0270855614973262
0.566428571428571 0.0270855614973262
0.566428571428571 0.0270855614973262
0.566428571428571 0.0270855614973262
0.566428571428571 0.0270855614973262
0.566428571428571 0.0270855614973262
0.566428571428571 0.0270855614973262
0.566428571428571 0.0270855614973262
0.566428571428571 0.0270855614973262
0.566428571428571 0.0270855614973262
0.566428571428571 0.0270855614973262
0.566428571428571 0.0270855614973262
0.566428571428571 0.0270855614973262
0.566428571428571 0.0270855614973262
0.566428571428571 0.0270855614973262
0.566428571428571 0.0270855614973262
0.566428571428571 0.0270855614973262
0.566428571428571 0.0270855614973262
0.566428571428571 0.0270855614973262
0.566428571428571 0.0270855614973262
0.566428571428571 0.0270855614973262
0.566428571428571 0.0270855614973262
0.566428571428571 0.0270855614973262
0.566428571428571 0.0270855614973262
0.566428571428571 0.0270855614973262
0.566428571428571 0.0270855614973262
0.566428571428571 0.0270855614973262
0.566428571428571 0.0270855614973262
0.566428571428571 0.0270855614973262
0.566428571428571 0.0270855614973262
0.566428571428571 0.0270855614973262
0.566428571428571 0.0270855614973262
0.566428571428571 0.0270855614973262
0.566428571428571 0.0270855614973262
0.566428571428571 0.0270855614973262
0.566428571428571 0.0270855614973262
0.566428571428571 0.0270855614973262
0.566428571428571 0.0270855614973262
0.566428571428571 0.0270855614973262
0.709285714285714 0.0270855614973262
0.852142857142857 0.0270855614973262
0.852142857142857 0.0269148936170213
0.852142857142857 0.0267460317460317
0.852142857142857 0.0265789473684211
0.852142857142857 0.026413612565445
0.852142857142857 0.02625
0.852142857142857 0.0260880829015544
0.852142857142857 0.0259278350515464
0.852142857142857 0.0257692307692308
0.852142857142857 0.0256122448979592
0.852142857142857 0.0254568527918782
0.852142857142857 0.0253030303030303
0.852142857142857 0.0251507537688442
0.852142857142857 0.025
0.852142857142857 0.0248507462686567
0.852142857142857 0.0247029702970297
0.852142857142857 0.0245566502463054
0.852142857142857 0.0244117647058824
0.852142857142857 0.0242682926829268
0.852142857142857 0.024126213592233
0.852142857142857 0.0239855072463768
0.852142857142857 0.0238461538461539
0.852142857142857 0.0237081339712919
0.852142857142857 0.0235714285714286
0.852142857142857 0.023436018957346
0.852142857142857 0.0233018867924528
0.852142857142857 0.023169014084507
0.852142857142857 0.0230373831775701
0.852142857142857 0.022906976744186
0.852142857142857 0.0227777777777778
0.852142857142857 0.0226497695852535
0.852142857142857 0.0225229357798165
0.852142857142857 0.0223972602739726
0.852142857142857 0.0222727272727273
0.852142857142857 0.0221493212669683
0.852142857142857 0.022027027027027
0.852142857142857 0.0219058295964126
0.852142857142857 0.0217857142857143
0.852142857142857 0.0216666666666667
0.852142857142857 0.0215486725663717
0.852142857142857 0.021431718061674
0.852142857142857 0.0213157894736842
0.852142857142857 0.0212008733624454
0.852142857142857 0.0210869565217391
0.852142857142857 0.020974025974026
0.852142857142857 0.0208620689655172
0.852142857142857 0.0207510729613734
0.852142857142857 0.0206410256410256
0.852142857142857 0.020531914893617
0.852142857142857 0.0204237288135593
0.852142857142857 0.0203164556962025
0.852142857142857 0.0202100840336134
0.852142857142857 0.0201046025104603
0.852142857142857 0.02
0.852142857142857 0.019896265560166
0.852142857142857 0.0197933884297521
0.852142857142857 0.0196913580246914
0.852142857142857 0.0195901639344262
0.852142857142857 0.0194897959183673
0.852142857142857 0.019390243902439
0.852142857142857 0.0192914979757085
0.852142857142857 0.0191935483870968
0.852142857142857 0.0190963855421687
0.852142857142857 0.019
0.852142857142857 0.0189043824701195
0.852142857142857 0.0188095238095238
0.852142857142857 0.0187154150197628
0.852142857142857 0.0186220472440945
0.852142857142857 0.0185294117647059
0.852142857142857 0.0184375
0.852142857142857 0.0183463035019455
0.852142857142857 0.0182558139534884
0.852142857142857 0.0181660231660232
0.852142857142857 0.0180769230769231
0.852142857142857 0.0179885057471264
0.852142857142857 0.0179007633587786
0.852142857142857 0.0178136882129278
0.852142857142857 0.0177272727272727
0.852142857142857 0.0176415094339623
0.852142857142857 0.0175563909774436
0.852142857142857 0.0174719101123596
0.852142857142857 0.0173880597014925
0.852142857142857 0.0173048327137546
0.852142857142857 0.0172222222222222
0.852142857142857 0.017140221402214
0.852142857142857 0.0170588235294118
0.852142857142857 0.016978021978022
0.852142857142857 0.0168978102189781
0.852142857142857 0.0168181818181818
0.852142857142857 0.0167391304347826
0.852142857142857 0.0166606498194946
0.852142857142857 0.0165827338129496
0.852142857142857 0.016505376344086
0.852142857142857 0.0164285714285714
0.852142857142857 0.0163523131672598
0.852142857142857 0.0162765957446809
0.852142857142857 0.0162014134275618
0.852142857142857 0.0161267605633803
0.852142857142857 0.0160526315789474
0.852142857142857 0.015979020979021
0.852142857142857 0.0159059233449477
0.852142857142857 0.0158333333333333
0.852142857142857 0.0157612456747405
0.852142857142857 0.0156896551724138
0.852142857142857 0.0156185567010309
0.852142857142857 0.0155479452054795
0.852142857142857 0.0154778156996587
0.852142857142857 0.0154081632653061
0.852142857142857 0.0153389830508475
0.852142857142857 0.0152702702702703
0.852142857142857 0.0152020202020202
0.852142857142857 0.0151342281879195
0.852142857142857 0.015066889632107
0.852142857142857 0.015
0.852142857142857 0.0149335548172757
0.852142857142857 0.0148675496688742
0.852142857142857 0.0148019801980198
0.852142857142857 0.0147368421052632
0.852142857142857 0.014672131147541
0.852142857142857 0.0146078431372549
0.852142857142857 0.0145439739413681
0.852142857142857 0.0144805194805195
0.852142857142857 0.0144174757281553
0.852142857142857 0.0143548387096774
0.852142857142857 0.0142926045016077
0.852142857142857 0.0142307692307692
0.852142857142857 0.0141693290734824
0.852142857142857 0.0141082802547771
0.852142857142857 0.0140476190476191
0.852142857142857 0.0139873417721519
0.852142857142857 0.0139274447949527
0.852142857142857 0.0138679245283019
0.852142857142857 0.0138087774294671
0.852142857142857 0.01375
0.852142857142857 0.0136915887850467
0.852142857142857 0.0136335403726708
0.852142857142857 0.0135758513931889
0.852142857142857 0.0135185185185185
0.852142857142857 0.0134615384615385
0.852142857142857 0.0134049079754601
0.852142857142857 0.013348623853211
0.852142857142857 0.0132926829268293
0.852142857142857 0.0132370820668693
0.852142857142857 0.0131818181818182
0.852142857142857 0.0131268882175227
0.852142857142857 0.0130722891566265
0.852142857142857 0.013018018018018
0.852142857142857 0.0129640718562874
0.852142857142857 0.012910447761194
0.852142857142857 0.0128571428571429
0.852142857142857 0.0128041543026706
0.852142857142857 0.0127514792899408
0.852142857142857 0.0126991150442478
0.852142857142857 0.0126470588235294
0.852142857142857 0.0125953079178886
0.852142857142857 0.0125438596491228
0.852142857142857 0.0124927113702624
0.852142857142857 0.0124418604651163
0.852142857142857 0.0123913043478261
0.852142857142857 0.0123410404624277
0.852142857142857 0.0122910662824208
0.852142857142857 0.0122413793103448
0.852142857142857 0.0121919770773639
0.852142857142857 0.0121428571428571
0.852142857142857 0.0120940170940171
0.852142857142857 0.0120454545454545
0.852142857142857 0.0119971671388102
0.852142857142857 0.0119491525423729
0.852142857142857 0.0119014084507042
0.852142857142857 0.0118539325842697
0.852142857142857 0.0118067226890756
0.852142857142857 0.0117597765363128
0.852142857142857 0.0117130919220056
0.852142857142857 0.0117064439140811
0.852142857142857 0.0117064439140811
0.852142857142857 0.0117064439140811
0.852142857142857 0.0117064439140811
0.852142857142857 0.0117064439140811
0.852142857142857 0.0117064439140811
0.852142857142857 0.0117064439140811
0.852142857142857 0.0117064439140811
0.852142857142857 0.0117064439140811
0.852142857142857 0.0117064439140811
0.852142857142857 0.0117064439140811
0.852142857142857 0.0117064439140811
0.852142857142857 0.0117064439140811
0.852142857142857 0.0117064439140811
0.852142857142857 0.0117064439140811
0.852142857142857 0.0117064439140811
0.852142857142857 0.0117064439140811
0.852142857142857 0.0117064439140811
0.852142857142857 0.0117064439140811
0.852142857142857 0.0117064439140811
0.852142857142857 0.0117064439140811
0.852142857142857 0.0117064439140811
0.852142857142857 0.0117064439140811
0.852142857142857 0.0117064439140811
0.852142857142857 0.0117064439140811
0.852142857142857 0.0117064439140811
0.852142857142857 0.0117064439140811
0.852142857142857 0.0117064439140811
0.852142857142857 0.0117064439140811
0.852142857142857 0.0117064439140811
0.852142857142857 0.0117064439140811
0.852142857142857 0.0117064439140811
0.852142857142857 0.0117064439140811
0.852142857142857 0.0117064439140811
0.852142857142857 0.0117064439140811
0.852142857142857 0.0117064439140811
0.852142857142857 0.0117064439140811
0.852142857142857 0.0117064439140811
0.852142857142857 0.0117064439140811
0.852142857142857 0.0117064439140811
0.852142857142857 0.0117064439140811
0.852142857142857 0.0117064439140811
0.852142857142857 0.0117064439140811
0.852142857142857 0.0117064439140811
0.852142857142857 0.0117064439140811
0.852142857142857 0.0117064439140811
0.852142857142857 0.0117064439140811
0.852142857142857 0.0117064439140811
0.852142857142857 0.0117064439140811
0.852142857142857 0.0117064439140811
0.852142857142857 0.0117064439140811
0.852142857142857 0.0117064439140811
0.852142857142857 0.0117064439140811
0.852142857142857 0.0117064439140811
0.852142857142857 0.0117064439140811
0.852142857142857 0.0117064439140811
0.852142857142857 0.0117064439140811
0.852142857142857 0.0117064439140811
0.852142857142857 0.0117064439140811
0.995 0.0117064439140811
0.995 0.0116666666666667
0.995 0.0116270783847981
0.995 0.0115876777251185
0.995 0.011548463356974
0.995 0.0115094339622642
0.995 0.0114705882352941


-0.0025 0.9975
-0.0025 0.9975
0.140357142857143 0.9975
0.140357142857143 0.4975
0.140357142857143 0.330833333333333
0.140357142857143 0.2475
0.140357142857143 0.1975
0.140357142857143 0.1975
0.140357142857143 0.1975
0.140357142857143 0.1975
0.140357142857143 0.1975
0.140357142857143 0.1975
0.283214285714286 0.1975
0.283214285714286 0.1975
0.283214285714286 0.1975
0.283214285714286 0.1975
0.426071428571429 0.1975
0.426071428571429 0.185
0.426071428571429 0.173970588235294
0.426071428571429 0.164166666666667
0.426071428571429 0.155394736842105
0.426071428571429 0.1475
0.426071428571429 0.140357142857143
0.426071428571429 0.135431034482759
0.426071428571429 0.135431034482759
0.426071428571429 0.135431034482759
0.426071428571429 0.135431034482759
0.426071428571429 0.135431034482759
0.426071428571429 0.135431034482759
0.426071428571429 0.135431034482759
0.568928571428571 0.135431034482759
0.568928571428571 0.130833333333333
0.568928571428571 0.126532258064516
0.568928571428571 0.1225
0.568928571428571 0.118712121212121
0.568928571428571 0.115147058823529
0.568928571428571 0.111785714285714
0.568928571428571 0.108611111111111
0.568928571428571 0.105608108108108
0.568928571428571 0.102763157894737
0.568928571428571 0.100064102564103
0.568928571428571 0.0975
0.568928571428571 0.0950609756097561
0.568928571428571 0.0942741935483871
0.568928571428571 0.0942741935483871
0.568928571428571 0.0942741935483871
0.568928571428571 0.0942741935483871
0.568928571428571 0.0942741935483871
0.568928571428571 0.0942741935483871
0.568928571428571 0.0942741935483871
0.568928571428571 0.0942741935483871
0.568928571428571 0.0942741935483871
0.568928571428571 0.0942741935483871
0.568928571428571 0.0942741935483871
0.568928571428571 0.0942741935483871
0.568928571428571 0.0942741935483871
0.568928571428571 0.0942741935483871
0.568928571428571 0.0942741935483871
0.568928571428571 0.0942741935483871
0.568928571428571 0.0942741935483871
0.568928571428571 0.0942741935483871
0.711785714285714 0.0942741935483871
0.711785714285714 0.0942741935483871
0.854642857142857 0.0942741935483871
0.854642857142857 0.0927380952380952
0.854642857142857 0.09125
0.854642857142857 0.0898076923076923
0.854642857142857 0.0884090909090909
0.854642857142857 0.0870522388059701
0.854642857142857 0.0857352941176471
0.854642857142857 0.0844565217391304
0.854642857142857 0.0832142857142857
0.854642857142857 0.0820070422535211
0.854642857142857 0.0808333333333333
0.854642857142857 0.0796917808219178
0.854642857142857 0.0785810810810811
0.854642857142857 0.0775
0.854642857142857 0.0764473684210526
0.854642857142857 0.0754220779220779
0.854642857142857 0.0744230769230769
0.854642857142857 0.0734493670886076
0.854642857142857 0.0725
0.854642857142857 0.0715740740740741
0.854642857142857 0.0706707317073171
0.854642857142857 0.069789156626506
0.854642857142857 0.0689285714285714
0.854642857142857 0.0680882352941176
0.854642857142857 0.0672674418604651
0.854642857142857 0.0664655172413793
0.854642857142857 0.0656818181818182
0.854642857142857 0.0649157303370786
0.854642857142857 0.0641666666666667
0.854642857142857 0.0634340659340659
0.854642857142857 0.0627173913043478
0.854642857142857 0.0620161290322581
0.854642857142857 0.0613297872340425
0.854642857142857 0.0606578947368421
0.854642857142857 0.06
0.854642857142857 0.0593556701030928
0.854642857142857 0.0587244897959184
0.854642857142857 0.0581060606060606
0.854642857142857 0.0575
0.854642857142857 0.0569059405940594
0.854642857142857 0.0563235294117647
0.854642857142857 0.055752427184466
0.854642857142857 0.0551923076923077
0.854642857142857 0.0546428571428571
0.854642857142857 0.0541037735849057
0.854642857142857 0.0535747663551402
0.854642857142857 0.0530555555555556
0.854642857142857 0.052545871559633
0.854642857142857 0.0520454545454545
0.854642857142857 0.0515540540540541
0.854642857142857 0.0510714285714286
0.854642857142857 0.0505973451327434
0.854642857142857 0.0501315789473684
0.854642857142857 0.0496739130434783
0.854642857142857 0.0493518518518518
0.854642857142857 0.0493518518518518
0.854642857142857 0.0493518518518518
0.854642857142857 0.0493518518518518
0.854642857142857 0.0493518518518518
0.854642857142857 0.0493518518518518
0.854642857142857 0.0493518518518518
0.854642857142857 0.0493518518518518
0.854642857142857 0.0493518518518518
0.854642857142857 0.0493518518518518
0.854642857142857 0.0493518518518518
0.854642857142857 0.0493518518518518
0.854642857142857 0.0493518518518518
0.854642857142857 0.0493518518518518
0.854642857142857 0.0493518518518518
0.854642857142857 0.0493518518518518
0.854642857142857 0.0493518518518518
0.854642857142857 0.0493518518518518
0.854642857142857 0.0493518518518518
0.9975 0.0493518518518518
0.9975 0.0489705882352941
0.9975 0.0485948905109489
0.9975 0.0482246376811594
0.9975 0.0478597122302158
0.9975 0.0475
0.9975 0.047145390070922
0.9975 0.0467957746478873
0.9975 0.046451048951049
0.9975 0.0461111111111111
0.9975 0.0457758620689655
0.9975 0.0454452054794521
0.9975 0.0451190476190476
0.9975 0.0447972972972973
0.9975 0.0444798657718121
0.9975 0.0441666666666667
0.9975 0.0438576158940397
0.9975 0.0435526315789474
0.9975 0.0432516339869281
0.9975 0.0429545454545455
0.9975 0.0426612903225806
0.9975 0.0423717948717949
0.9975 0.0420859872611465
0.9975 0.0418037974683544
0.9975 0.0415251572327044
0.9975 0.04125
0.9975 0.0409782608695652
0.9975 0.0407098765432099
0.9975 0.0404447852760736
0.9975 0.0401829268292683
0.9975 0.0399242424242424
0.9975 0.0396686746987952
0.9975 0.0394161676646707
0.9975 0.0391666666666667
0.9975 0.0389201183431953
0.9975 0.0386764705882353
0.9975 0.0384356725146199
0.9975 0.0381976744186047
0.9975 0.0379624277456647
0.9975 0.0377298850574713
0.9975 0.0375
0.9975 0.0372727272727273
0.9975 0.0370480225988701
0.9975 0.0368258426966292
0.9975 0.0366061452513966
0.9975 0.0363888888888889
0.9975 0.0361740331491713
0.9975 0.0359615384615385
0.9975 0.0357513661202186
0.9975 0.0355434782608696
0.9975 0.0353378378378378
0.9975 0.0351344086021505
0.9975 0.0349331550802139
0.9975 0.0347340425531915
0.9975 0.034537037037037
0.9975 0.0343421052631579
0.9975 0.0341492146596859
0.9975 0.0339583333333333
0.9975 0.0337694300518135
0.9975 0.0335824742268041
0.9975 0.0333974358974359
0.9975 0.0332142857142857
0.9975 0.0330329949238579
0.9975 0.0328535353535354
0.9975 0.0326758793969849
0.9975 0.0325
0.9975 0.0323258706467662
0.9975 0.0321534653465347
0.9975 0.0319827586206897
0.9975 0.0318137254901961
0.9975 0.0316463414634146
0.9975 0.0314805825242718
0.9975 0.0313164251207729
0.9975 0.0311538461538462
0.9975 0.0309928229665072
0.9975 0.0308333333333333
0.9975 0.030675355450237
0.9975 0.0305188679245283
0.9975 0.0303638497652582
0.9975 0.0302102803738318
0.9975 0.0300581395348837
0.9975 0.0299074074074074
0.9975 0.029758064516129
0.9975 0.0296100917431193
0.9975 0.0294634703196347
0.9975 0.0293181818181818
0.9975 0.0291742081447964
0.9975 0.0290315315315315
0.9975 0.028890134529148
0.9975 0.02875
0.9975 0.0286111111111111
0.9975 0.0284734513274336
0.9975 0.0283370044052863
0.9975 0.0282017543859649
0.9975 0.0280676855895197
0.9975 0.0279347826086957
0.9975 0.0278030303030303
0.9975 0.0276724137931035
0.9975 0.0275429184549356
0.9975 0.0274145299145299
0.9975 0.0272872340425532
0.9975 0.0271610169491525
0.9975 0.027035864978903
0.9975 0.0269117647058824
0.9975 0.0267887029288703
0.9975 0.0266666666666667
0.9975 0.026545643153527
0.9975 0.0264256198347107
0.9975 0.0263065843621399
0.9975 0.0261885245901639
0.9975 0.0260714285714286
0.9975 0.0259552845528455
0.9975 0.0258400809716599
0.9975 0.0257258064516129
0.9975 0.0256124497991968
0.9975 0.0255
0.9975 0.0253884462151394
0.9975 0.0252777777777778
0.9975 0.0251679841897233
0.9975 0.0250590551181102
0.9975 0.0249509803921569
0.9975 0.02484375
0.9975 0.0247373540856031
0.9975 0.0246317829457364
0.9975 0.024527027027027
0.9975 0.0244230769230769
0.9975 0.0243199233716475
0.9975 0.0242175572519084
0.9975 0.024115969581749
0.9975 0.0240151515151515
0.9975 0.0239150943396226
0.9975 0.0238157894736842
0.9975 0.0237172284644195
0.9975 0.0236194029850746
0.9975 0.0235223048327138
0.9975 0.0234259259259259
0.9975 0.023330258302583
0.9975 0.0232352941176471
0.9975 0.0231410256410256
0.9975 0.0230474452554745
0.9975 0.0229545454545455
0.9975 0.0228623188405797
0.9975 0.0227707581227437
0.9975 0.0226798561151079
0.9975 0.022589605734767
0.9975 0.0225
0.9975 0.0224110320284698
0.9975 0.022322695035461
0.9975 0.0222349823321555
0.9975 0.0221478873239437
0.9975 0.0220614035087719
0.9975 0.0219755244755245
0.9975 0.021890243902439
0.9975 0.0218055555555556
0.9975 0.0217214532871972
0.9975 0.0216379310344828
0.9975 0.0215549828178694
0.9975 0.021472602739726
0.9975 0.0213907849829352
0.9975 0.0213095238095238
0.9975 0.021228813559322
0.9975 0.0211486486486487
0.9975 0.0210690235690236
0.9975 0.020989932885906
0.9975 0.0209113712374582
0.9975 0.0208333333333333
0.9975 0.0207558139534884
0.9975 0.0206788079470199
0.9975 0.0206023102310231
0.9975 0.0205263157894737
0.9975 0.0204508196721311
0.9975 0.0203758169934641
0.9975 0.0203013029315961
0.9975 0.0202272727272727
0.9975 0.0201537216828479
0.9975 0.0200806451612903
0.9975 0.020008038585209
0.9975 0.0199358974358974
0.9975 0.0198642172523962
0.9975 0.0197929936305732
0.9975 0.0197222222222222
0.9975 0.0196518987341772
0.9975 0.0195820189274448
0.9975 0.0195125786163522
0.9975 0.0194435736677116
0.9975 0.019375
0.9975 0.0193068535825545
0.9975 0.0192391304347826
0.9975 0.019171826625387
0.9975 0.0191049382716049
0.9975 0.0190384615384615
0.9975 0.0189723926380368
0.9975 0.0189067278287462
0.9975 0.0188414634146341
0.9975 0.0187765957446809
0.9975 0.0187121212121212
0.9975 0.0186480362537764
0.9975 0.0185843373493976
0.9975 0.018521021021021
0.9975 0.0184580838323353
0.9975 0.0183955223880597
0.9975 0.0183333333333333
0.9975 0.0182715133531157
0.9975 0.0182100591715976
0.9975 0.0181489675516224
0.9975 0.0180882352941176
0.9975 0.0180278592375367
0.9975 0.0179678362573099
0.9975 0.0179081632653061
0.9975 0.0178488372093023
0.9975 0.0177898550724638
0.9975 0.0177312138728324
0.9975 0.0176729106628242
0.9975 0.0176149425287356
0.9975 0.0175573065902579
0.9975 0.0175
0.9975 0.0174430199430199
0.9975 0.0173863636363636
0.9975 0.0173300283286119
0.9975 0.017274011299435
0.9975 0.0172183098591549
0.9975 0.0171629213483146
0.9975 0.0171078431372549
0.9975 0.0170530726256983
0.9975 0.0169986072423398
0.9975 0.0169444444444444
0.9975 0.0168905817174515
0.9975 0.0168370165745856
0.9975 0.0167837465564738
0.9975 0.0167307692307692
0.9975 0.0166780821917808
0.9975 0.0166256830601093
0.9975 0.0165735694822888
0.9975 0.0165217391304348
0.9975 0.016470189701897
0.9975 0.0164189189189189
0.9975 0.0163679245283019
0.9975 0.0163172043010753
0.9975 0.0162667560321716
0.9975 0.016216577540107
0.9975 0.0161666666666667
0.9975 0.0161170212765957
0.9975 0.0160676392572944
0.9975 0.0160185185185185
0.9975 0.0159696569920844
0.9975 0.0159210526315789
0.9975 0.0158727034120735
0.9975 0.0158246073298429
0.9975 0.0157767624020888
0.9975 0.0157291666666667
0.9975 0.0156818181818182
0.9975 0.0156347150259067
0.9975 0.0155878552971576
0.9975 0.0155412371134021
0.9975 0.0154948586118252
0.9975 0.0154487179487179
0.9975 0.0154028132992327
0.9975 0.0153571428571429
0.9975 0.0153117048346056
0.9975 0.0152664974619289
0.9975 0.0152215189873418
0.9975 0.0151767676767677
0.9975 0.015132241813602
0.9975 0.0150879396984925
0.9975 0.0150438596491228
0.9975 0.015
0.9975 0.0149563591022444
0.9975 0.0149129353233831
0.9975 0.0148697270471464
0.9975 0.0148267326732673
0.9975 0.014783950617284
0.9975 0.0147413793103448
0.9975 0.0146990171990172
0.9975 0.014656862745098
0.9975 0.0146149144254279
0.9975 0.0145731707317073
0.9975 0.0145316301703163
0.9975 0.0144902912621359
0.9975 0.0144491525423729
0.9975 0.0144082125603865
0.9975 0.0143674698795181
0.9975 0.0143269230769231
0.9975 0.0142865707434053
0.9975 0.0142464114832536
0.9975 0.0142064439140811
0.9975 0.0141666666666667
0.9975 0.0141270783847981
0.9975 0.0140876777251185
0.9975 0.014048463356974
0.9975 0.0140094339622642
0.9975 0.0139705882352941


8.67361737988404E-19 1
8.67361737988404E-19 1
0.142857142857143 1
0.142857142857143 0.5
0.142857142857143 0.333333333333333
0.142857142857143 0.285714285714286
0.142857142857143 0.285714285714286
0.142857142857143 0.285714285714286
0.285714285714286 0.285714285714286
0.285714285714286 0.25
0.285714285714286 0.222222222222222
0.285714285714286 0.2
0.285714285714286 0.181818181818182
0.285714285714286 0.166666666666667
0.285714285714286 0.153846153846154
0.285714285714286 0.142857142857143
0.285714285714286 0.133333333333333
0.285714285714286 0.125
0.285714285714286 0.117647058823529
0.285714285714286 0.111111111111111
0.285714285714286 0.105263157894737
0.285714285714286 0.1
0.285714285714286 0.0952380952380952
0.285714285714286 0.0909090909090909
0.285714285714286 0.0869565217391304
0.285714285714286 0.0833333333333333
0.285714285714286 0.0833333333333333
0.285714285714286 0.0833333333333333
0.285714285714286 0.0833333333333333
0.285714285714286 0.0833333333333333
0.285714285714286 0.0833333333333333
0.285714285714286 0.0833333333333333
0.285714285714286 0.0833333333333333
0.285714285714286 0.0833333333333333
0.285714285714286 0.0833333333333333
0.285714285714286 0.0833333333333333
0.285714285714286 0.0833333333333333
0.428571428571429 0.0833333333333333
0.428571428571429 0.0810810810810811
0.428571428571429 0.0789473684210526
0.428571428571429 0.0769230769230769
0.428571428571429 0.075
0.428571428571429 0.0731707317073171
0.428571428571429 0.0714285714285714
0.428571428571429 0.0697674418604651
0.428571428571429 0.0681818181818182
0.428571428571429 0.0666666666666667
0.428571428571429 0.0652173913043478
0.428571428571429 0.0638297872340425
0.428571428571429 0.0625
0.428571428571429 0.0625
0.428571428571429 0.0625
0.428571428571429 0.0625
0.428571428571429 0.0625
0.428571428571429 0.0625
0.428571428571429 0.0625
0.428571428571429 0.0625
0.428571428571429 0.0625
0.428571428571429 0.0625
0.428571428571429 0.0625
0.428571428571429 0.0625
0.428571428571429 0.0625
0.428571428571429 0.0625
0.428571428571429 0.0625
0.428571428571429 0.0625
0.571428571428571 0.0625
0.571428571428571 0.0615384615384615
0.571428571428571 0.0606060606060606
0.571428571428571 0.0597014925373134
0.571428571428571 0.0588235294117647
0.571428571428571 0.0579710144927536
0.571428571428571 0.0571428571428571
0.571428571428571 0.0563380281690141
0.571428571428571 0.0555555555555556
0.571428571428571 0.0547945205479452
0.571428571428571 0.0540540540540541
0.571428571428571 0.0533333333333333
0.571428571428571 0.0526315789473684
0.571428571428571 0.051948051948052
0.571428571428571 0.0512820512820513
0.571428571428571 0.0506329113924051
0.571428571428571 0.05
0.571428571428571 0.0493827160493827
0.571428571428571 0.0487804878048781
0.571428571428571 0.0481927710843374
0.571428571428571 0.0476190476190476
0.571428571428571 0.0470588235294118
0.571428571428571 0.0465116279069767
0.571428571428571 0.0459770114942529
0.571428571428571 0.0454545454545455
0.571428571428571 0.0449438202247191
0.571428571428571 0.0444444444444444
0.571428571428571 0.043956043956044
0.571428571428571 0.0434782608695652
0.571428571428571 0.043010752688172
0.571428571428571 0.0425531914893617
0.571428571428571 0.0421052631578947
0.571428571428571 0.0416666666666667
0.571428571428571 0.0412371134020619
0.571428571428571 0.0408163265306122
0.571428571428571 0.0404040404040404
0.571428571428571 0.04
0.571428571428571 0.0396039603960396
0.571428571428571 0.0392156862745098
0.571428571428571 0.0388349514563107
0.571428571428571 0.0384615384615385
0.571428571428571 0.0380952380952381
0.571428571428571 0.0377358490566038
0.571428571428571 0.0373831775700935
0.571428571428571 0.037037037037037
0.571428571428571 0.036697247706422
0.571428571428571 0.0363636363636364
0.571428571428571 0.036036036036036
0.571428571428571 0.0357142857142857
0.571428571428571 0.0353982300884956
0.571428571428571 0.0350877192982456
0.571428571428571 0.0347826086956522
0.571428571428571 0.0344827586206897
0.571428571428571 0.0341880341880342
0.571428571428571 0.0338983050847458
0.571428571428571 0.0336134453781513
0.571428571428571 0.0333333333333333
0.571428571428571 0.0330578512396694
0.571428571428571 0.0327868852459016
0.571428571428571 0.032520325203252
0.571428571428571 0.032258064516129
0.571428571428571 0.0320855614973262
0.571428571428571 0.0320855614973262
0.571428571428571 0.0320855614973262
0.571428571428571 0.0320855614973262
0.571428571428571 0.0320855614973262
0.571428571428571 0.0320855614973262
0.571428571428571 0.0320855614973262
0.571428571428571 0.0320855614973262
0.571428571428571 0.0320855614973262
0.571428571428571 0.0320855614973262
0.571428571428571 0.0320855614973262
0.571428571428571 0.0320855614973262
0.571428571428571 0.0320855614973262
0.571428571428571 0.0320855614973262
0.571428571428571 0.0320855614973262
0.571428571428571 0.0320855614973262
0.571428571428571 0.0320855614973262
0.571428571428571 0.0320855614973262
0.571428571428571 0.0320855614973262
0.571428571428571 0.0320855614973262
0.571428571428571 0.0320855614973262
0.571428571428571 0.0320855614973262
0.571428571428571 0.0320855614973262
0.571428571428571 0.0320855614973262
0.571428571428571 0.0320855614973262
0.571428571428571 0.0320855614973262
0.571428571428571 0.0320855614973262
0.571428571428571 0.0320855614973262
0.571428571428571 0.0320855614973262
0.571428571428571 0.0320855614973262
0.571428571428571 0.0320855614973262
0.571428571428571 0.0320855614973262
0.571428571428571 0.0320855614973262
0.571428571428571 0.0320855614973262
0.571428571428571 0.0320855614973262
0.571428571428571 0.0320855614973262
0.571428571428571 0.0320855614973262
0.571428571428571 0.0320855614973262
0.571428571428571 0.0320855614973262
0.571428571428571 0.0320855614973262
0.571428571428571 0.0320855614973262
0.571428571428571 0.0320855614973262
0.571428571428571 0.0320855614973262
0.571428571428571 0.0320855614973262
0.571428571428571 0.0320855614973262
0.571428571428571 0.0320855614973262
0.571428571428571 0.0320855614973262
0.571428571428571 0.0320855614973262
0.571428571428571 0.0320855614973262
0.571428571428571 0.0320855614973262
0.571428571428571 0.0320855614973262
0.571428571428571 0.0320855614973262
0.571428571428571 0.0320855614973262
0.571428571428571 0.0320855614973262
0.571428571428571 0.0320855614973262
0.571428571428571 0.0320855614973262
0.571428571428571 0.0320855614973262
0.571428571428571 0.0320855614973262
0.571428571428571 0.0320855614973262
0.571428571428571 0.0320855614973262
0.571428571428571 0.0320855614973262
0.714285714285714 0.0320855614973262
0.857142857142857 0.0320855614973262
0.857142857142857 0.0319148936170213
0.857142857142857 0.0317460317460317
0.857142857142857 0.0315789473684211
0.857142857142857 0.031413612565445
0.857142857142857 0.03125
0.857142857142857 0.0310880829015544
0.857142857142857 0.0309278350515464
0.857142857142857 0.0307692307692308
0.857142857142857 0.0306122448979592
0.857142857142857 0.0304568527918782
0.857142857142857 0.0303030303030303
0.857142857142857 0.0301507537688442
0.857142857142857 0.03
0.857142857142857 0.0298507462686567
0.857142857142857 0.0297029702970297
0.857142857142857 0.0295566502463054
0.857142857142857 0.0294117647058824
0.857142857142857 0.0292682926829268
0.857142857142857 0.029126213592233
0.857142857142857 0.0289855072463768
0.857142857142857 0.0288461538461538
0.857142857142857 0.0287081339712919
0.857142857142857 0.0285714285714286
0.857142857142857 0.028436018957346
0.857142857142857 0.0283018867924528
0.857142857142857 0.028169014084507
0.857142857142857 0.0280373831775701
0.857142857142857 0.027906976744186
0.857142857142857 0.0277777777777778
0.857142857142857 0.0276497695852535
0.857142857142857 0.0275229357798165
0.857142857142857 0.0273972602739726
0.857142857142857 0.0272727272727273
0.857142857142857 0.0271493212669683
0.857142857142857 0.027027027027027
0.857142857142857 0.0269058295964126
0.857142857142857 0.0267857142857143
0.857142857142857 0.0266666666666667
0.857142857142857 0.0265486725663717
0.857142857142857 0.026431718061674
0.857142857142857 0.0263157894736842
0.857142857142857 0.0262008733624454
0.857142857142857 0.0260869565217391
0.857142857142857 0.025974025974026
0.857142857142857 0.0258620689655172
0.857142857142857 0.0257510729613734
0.857142857142857 0.0256410256410256
0.857142857142857 0.025531914893617
0.857142857142857 0.0254237288135593
0.857142857142857 0.0253164556962025
0.857142857142857 0.0252100840336134
0.857142857142857 0.0251046025104603
0.857142857142857 0.025
0.857142857142857 0.024896265560166
0.857142857142857 0.0247933884297521
0.857142857142857 0.0246913580246914
0.857142857142857 0.0245901639344262
0.857142857142857 0.0244897959183673
0.857142857142857 0.024390243902439
0.857142857142857 0.0242914979757085
0.857142857142857 0.0241935483870968
0.857142857142857 0.0240963855421687
0.857142857142857 0.024
0.857142857142857 0.0239043824701195
0.857142857142857 0.0238095238095238
0.857142857142857 0.0237154150197628
0.857142857142857 0.0236220472440945
0.857142857142857 0.0235294117647059
0.857142857142857 0.0234375
0.857142857142857 0.0233463035019455
0.857142857142857 0.0232558139534884
0.857142857142857 0.0231660231660232
0.857142857142857 0.0230769230769231
0.857142857142857 0.0229885057471264
0.857142857142857 0.0229007633587786
0.857142857142857 0.0228136882129278
0.857142857142857 0.0227272727272727
0.857142857142857 0.0226415094339623
0.857142857142857 0.0225563909774436
0.857142857142857 0.0224719101123596
0.857142857142857 0.0223880597014925
0.857142857142857 0.0223048327137546
0.857142857142857 0.0222222222222222
0.857142857142857 0.022140221402214
0.857142857142857 0.0220588235294118
0.857142857142857 0.021978021978022
0.857142857142857 0.0218978102189781
0.857142857142857 0.0218181818181818
0.857142857142857 0.0217391304347826
0.857142857142857 0.0216606498194946
0.857142857142857 0.0215827338129496
0.857142857142857 0.021505376344086
0.857142857142857 0.0214285714285714
0.857142857142857 0.0213523131672598
0.857142857142857 0.0212765957446809
0.857142857142857 0.0212014134275618
0.857142857142857 0.0211267605633803
0.857142857142857 0.0210526315789474
0.857142857142857 0.020979020979021
0.857142857142857 0.0209059233449477
0.857142857142857 0.0208333333333333
0.857142857142857 0.0207612456747405
0.857142857142857 0.0206896551724138
0.857142857142857 0.0206185567010309
0.857142857142857 0.0205479452054795
0.857142857142857 0.0204778156996587
0.857142857142857 0.0204081632653061
0.857142857142857 0.0203389830508475
0.857142857142857 0.0202702702702703
0.857142857142857 0.0202020202020202
0.857142857142857 0.0201342281879195
0.857142857142857 0.020066889632107
0.857142857142857 0.02
0.857142857142857 0.0199335548172757
0.857142857142857 0.0198675496688742
0.857142857142857 0.0198019801980198
0.857142857142857 0.0197368421052632
0.857142857142857 0.019672131147541
0.857142857142857 0.0196078431372549
0.857142857142857 0.0195439739413681
0.857142857142857 0.0194805194805195
0.857142857142857 0.0194174757281553
0.857142857142857 0.0193548387096774
0.857142857142857 0.0192926045016077
0.857142857142857 0.0192307692307692
0.857142857142857 0.0191693290734824
0.857142857142857 0.0191082802547771
0.857142857142857 0.019047619047619
0.857142857142857 0.0189873417721519
0.857142857142857 0.0189274447949527
0.857142857142857 0.0188679245283019
0.857142857142857 0.0188087774294671
0.857142857142857 0.01875
0.857142857142857 0.0186915887850467
0.857142857142857 0.0186335403726708
0.857142857142857 0.0185758513931889
0.857142857142857 0.0185185185185185
0.857142857142857 0.0184615384615385
0.857142857142857 0.0184049079754601
0.857142857142857 0.018348623853211
0.857142857142857 0.0182926829268293
0.857142857142857 0.0182370820668693
0.857142857142857 0.0181818181818182
0.857142857142857 0.0181268882175227
0.857142857142857 0.0180722891566265
0.857142857142857 0.018018018018018
0.857142857142857 0.0179640718562874
0.857142857142857 0.017910447761194
0.857142857142857 0.0178571428571429
0.857142857142857 0.0178041543026706
0.857142857142857 0.0177514792899408
0.857142857142857 0.0176991150442478
0.857142857142857 0.0176470588235294
0.857142857142857 0.0175953079178886
0.857142857142857 0.0175438596491228
0.857142857142857 0.0174927113702624
0.857142857142857 0.0174418604651163
0.857142857142857 0.0173913043478261
0.857142857142857 0.0173410404624277
0.857142857142857 0.0172910662824208
0.857142857142857 0.0172413793103448
0.857142857142857 0.0171919770773639
0.857142857142857 0.0171428571428571
0.857142857142857 0.0170940170940171
0.857142857142857 0.0170454545454545
0.857142857142857 0.0169971671388102
0.857142857142857 0.0169491525423729
0.857142857142857 0.0169014084507042
0.857142857142857 0.0168539325842697
0.857142857142857 0.0168067226890756
0.857142857142857 0.0167597765363128
0.857142857142857 0.0167130919220056
0.857142857142857 0.0167064439140811
0.857142857142857 0.0167064439140811
0.857142857142857 0.0167064439140811
0.857142857142857 0.0167064439140811
0.857142857142857 0.0167064439140811
0.857142857142857 0.0167064439140811
0.857142857142857 0.0167064439140811
0.857142857142857 0.0167064439140811
0.857142857142857 0.0167064439140811
0.857142857142857 0.0167064439140811
0.857142857142857 0.0167064439140811
0.857142857142857 0.0167064439140811
0.857142857142857 0.0167064439140811
0.857142857142857 0.0167064439140811
0.857142857142857 0.0167064439140811
0.857142857142857 0.0167064439140811
0.857142857142857 0.0167064439140811
0.857142857142857 0.0167064439140811
0.857142857142857 0.0167064439140811
0.857142857142857 0.0167064439140811
0.857142857142857 0.0167064439140811
0.857142857142857 0.0167064439140811
0.857142857142857 0.0167064439140811
0.857142857142857 0.0167064439140811
0.857142857142857 0.0167064439140811
0.857142857142857 0.0167064439140811
0.857142857142857 0.0167064439140811
0.857142857142857 0.0167064439140811
0.857142857142857 0.0167064439140811
0.857142857142857 0.0167064439140811
0.857142857142857 0.0167064439140811
0.857142857142857 0.0167064439140811
0.857142857142857 0.0167064439140811
0.857142857142857 0.0167064439140811
0.857142857142857 0.0167064439140811
0.857142857142857 0.0167064439140811
0.857142857142857 0.0167064439140811
0.857142857142857 0.0167064439140811
0.857142857142857 0.0167064439140811
0.857142857142857 0.0167064439140811
0.857142857142857 0.0167064439140811
0.857142857142857 0.0167064439140811
0.857142857142857 0.0167064439140811
0.857142857142857 0.0167064439140811
0.857142857142857 0.0167064439140811
0.857142857142857 0.0167064439140811
0.857142857142857 0.0167064439140811
0.857142857142857 0.0167064439140811
0.857142857142857 0.0167064439140811
0.857142857142857 0.0167064439140811
0.857142857142857 0.0167064439140811
0.857142857142857 0.0167064439140811
0.857142857142857 0.0167064439140811
0.857142857142857 0.0167064439140811
0.857142857142857 0.0167064439140811
0.857142857142857 0.0167064439140811
0.857142857142857 0.0167064439140811
0.857142857142857 0.0167064439140811
0.857142857142857 0.0167064439140811
1 0.0167064439140811
1 0.0166666666666667
1 0.0166270783847981
1 0.0165876777251185
1 0.016548463356974
1 0.0165094339622642
1 0.0164705882352941


0.0025 1.0025
0.0025 1.0025
0.145357142857143 1.0025
0.145357142857143 0.5025
0.145357142857143 0.335833333333333
0.145357142857143 0.2525
0.145357142857143 0.2025
0.145357142857143 0.2025
0.145357142857143 0.2025
0.145357142857143 0.2025
0.145357142857143 0.2025
0.145357142857143 0.2025
0.288214285714286 0.2025
0.288214285714286 0.2025
0.288214285714286 0.2025
0.288214285714286 0.2025
0.431071428571429 0.2025
0.431071428571429 0.19
0.431071428571429 0.178970588235294
0.431071428571429 0.169166666666667
0.431071428571429 0.160394736842105
0.431071428571429 0.1525
0.431071428571429 0.145357142857143
0.431071428571429 0.140431034482759
0.431071428571429 0.140431034482759
0.431071428571429 0.140431034482759
0.431071428571429 0.140431034482759
0.431071428571429 0.140431034482759
0.431071428571429 0.140431034482759
0.431071428571429 0.140431034482759
0.573928571428571 0.140431034482759
0.573928571428571 0.135833333333333
0.573928571428571 0.131532258064516
0.573928571428571 0.1275
0.573928571428571 0.123712121212121
0.573928571428571 0.120147058823529
0.573928571428571 0.116785714285714
0.573928571428571 0.113611111111111
0.573928571428571 0.110608108108108
0.573928571428571 0.107763157894737
0.573928571428571 0.105064102564103
0.573928571428571 0.1025
0.573928571428571 0.100060975609756
0.573928571428571 0.0992741935483871
0.573928571428571 0.0992741935483871
0.573928571428571 0.0992741935483871
0.573928571428571 0.0992741935483871
0.573928571428571 0.0992741935483871
0.573928571428571 0.0992741935483871
0.573928571428571 0.0992741935483871
0.573928571428571 0.0992741935483871
0.573928571428571 0.0992741935483871
0.573928571428571 0.0992741935483871
0.573928571428571 0.0992741935483871
0.573928571428571 0.0992741935483871
0.573928571428571 0.0992741935483871
0.573928571428571 0.0992741935483871
0.573928571428571 0.0992741935483871
0.573928571428571 0.0992741935483871
0.573928571428571 0.0992741935483871
0.573928571428571 0.0992741935483871
0.716785714285714 0.0992741935483871
0.716785714285714 0.0992741935483871
0.859642857142857 0.0992741935483871
0.859642857142857 0.0977380952380952
0.859642857142857 0.09625
0.859642857142857 0.0948076923076923
0.859642857142857 0.0934090909090909
0.859642857142857 0.0920522388059701
0.859642857142857 0.0907352941176471
0.859642857142857 0.0894565217391304
0.859642857142857 0.0882142857142857
0.859642857142857 0.0870070422535211
0.859642857142857 0.0858333333333333
0.859642857142857 0.0846917808219178
0.859642857142857 0.0835810810810811
0.859642857142857 0.0825
0.859642857142857 0.0814473684210526
0.859642857142857 0.0804220779220779
0.859642857142857 0.0794230769230769
0.859642857142857 0.0784493670886076
0.859642857142857 0.0775
0.859642857142857 0.0765740740740741
0.859642857142857 0.0756707317073171
0.859642857142857 0.074789156626506
0.859642857142857 0.0739285714285714
0.859642857142857 0.0730882352941176
0.859642857142857 0.0722674418604651
0.859642857142857 0.0714655172413793
0.859642857142857 0.0706818181818182
0.859642857142857 0.0699157303370787
0.859642857142857 0.0691666666666667
0.859642857142857 0.0684340659340659
0.859642857142857 0.0677173913043478
0.859642857142857 0.0670161290322581
0.859642857142857 0.0663297872340426
0.859642857142857 0.0656578947368421
0.859642857142857 0.065
0.859642857142857 0.0643556701030928
0.859642857142857 0.0637244897959184
0.859642857142857 0.0631060606060606
0.859642857142857 0.0625
0.859642857142857 0.0619059405940594
0.859642857142857 0.0613235294117647
0.859642857142857 0.060752427184466
0.859642857142857 0.0601923076923077
0.859642857142857 0.0596428571428571
0.859642857142857 0.0591037735849057
0.859642857142857 0.0585747663551402
0.859642857142857 0.0580555555555556
0.859642857142857 0.057545871559633
0.859642857142857 0.0570454545454545
0.859642857142857 0.0565540540540541
0.859642857142857 0.0560714285714286
0.859642857142857 0.0555973451327434
0.859642857142857 0.0551315789473684
0.859642857142857 0.0546739130434783
0.859642857142857 0.0543518518518519
0.859642857142857 0.0543518518518519
0.859642857142857 0.0543518518518519
0.859642857142857 0.0543518518518519
0.859642857142857 0.0543518518518519
0.859642857142857 0.0543518518518519
0.859642857142857 0.0543518518518519
0.859642857142857 0.0543518518518519
0.859642857142857 0.0543518518518519
0.859642857142857 0.0543518518518519
0.859642857142857 0.0543518518518519
0.859642857142857 0.0543518518518519
0.859642857142857 0.0543518518518519
0.859642857142857 0.0543518518518519
0.859642857142857 0.0543518518518519
0.859642857142857 0.0543518518518519
0.859642857142857 0.0543518518518519
0.859642857142857 0.0543518518518519
0.859642857142857 0.0543518518518519
1.0025 0.0543518518518519
1.0025 0.0539705882352941
1.0025 0.0535948905109489
1.0025 0.0532246376811594
1.0025 0.0528597122302158
1.0025 0.0525
1.0025 0.052145390070922
1.0025 0.0517957746478873
1.0025 0.051451048951049
1.0025 0.0511111111111111
1.0025 0.0507758620689655
1.0025 0.0504452054794521
1.0025 0.0501190476190476
1.0025 0.0497972972972973
1.0025 0.0494798657718121
1.0025 0.0491666666666667
1.0025 0.0488576158940397
1.0025 0.0485526315789474
1.0025 0.0482516339869281
1.0025 0.0479545454545455
1.0025 0.0476612903225806
1.0025 0.0473717948717949
1.0025 0.0470859872611465
1.0025 0.0468037974683544
1.0025 0.0465251572327044
1.0025 0.04625
1.0025 0.0459782608695652
1.0025 0.0457098765432099
1.0025 0.0454447852760736
1.0025 0.0451829268292683
1.0025 0.0449242424242424
1.0025 0.0446686746987952
1.0025 0.0444161676646707
1.0025 0.0441666666666667
1.0025 0.0439201183431953
1.0025 0.0436764705882353
1.0025 0.0434356725146199
1.0025 0.0431976744186047
1.0025 0.0429624277456647
1.0025 0.0427298850574713
1.0025 0.0425
1.0025 0.0422727272727273
1.0025 0.0420480225988701
1.0025 0.0418258426966292
1.0025 0.0416061452513967
1.0025 0.0413888888888889
1.0025 0.0411740331491713
1.0025 0.0409615384615385
1.0025 0.0407513661202186
1.0025 0.0405434782608696
1.0025 0.0403378378378378
1.0025 0.0401344086021505
1.0025 0.0399331550802139
1.0025 0.0397340425531915
1.0025 0.039537037037037
1.0025 0.0393421052631579
1.0025 0.0391492146596859
1.0025 0.0389583333333333
1.0025 0.0387694300518135
1.0025 0.0385824742268041
1.0025 0.0383974358974359
1.0025 0.0382142857142857
1.0025 0.0380329949238579
1.0025 0.0378535353535354
1.0025 0.0376758793969849
1.0025 0.0375
1.0025 0.0373258706467662
1.0025 0.0371534653465347
1.0025 0.0369827586206897
1.0025 0.0368137254901961
1.0025 0.0366463414634146
1.0025 0.0364805825242718
1.0025 0.0363164251207729
1.0025 0.0361538461538462
1.0025 0.0359928229665072
1.0025 0.0358333333333333
1.0025 0.035675355450237
1.0025 0.0355188679245283
1.0025 0.0353638497652582
1.0025 0.0352102803738318
1.0025 0.0350581395348837
1.0025 0.0349074074074074
1.0025 0.034758064516129
1.0025 0.0346100917431193
1.0025 0.0344634703196347
1.0025 0.0343181818181818
1.0025 0.0341742081447964
1.0025 0.0340315315315315
1.0025 0.033890134529148
1.0025 0.03375
1.0025 0.0336111111111111
1.0025 0.0334734513274336
1.0025 0.0333370044052863
1.0025 0.0332017543859649
1.0025 0.0330676855895196
1.0025 0.0329347826086957
1.0025 0.0328030303030303
1.0025 0.0326724137931034
1.0025 0.0325429184549356
1.0025 0.0324145299145299
1.0025 0.0322872340425532
1.0025 0.0321610169491525
1.0025 0.032035864978903
1.0025 0.0319117647058824
1.0025 0.0317887029288703
1.0025 0.0316666666666667
1.0025 0.031545643153527
1.0025 0.0314256198347107
1.0025 0.0313065843621399
1.0025 0.0311885245901639
1.0025 0.0310714285714286
1.0025 0.0309552845528455
1.0025 0.0308400809716599
1.0025 0.0307258064516129
1.0025 0.0306124497991968
1.0025 0.0305
1.0025 0.0303884462151394
1.0025 0.0302777777777778
1.0025 0.0301679841897233
1.0025 0.0300590551181102
1.0025 0.0299509803921569
1.0025 0.02984375
1.0025 0.0297373540856031
1.0025 0.0296317829457364
1.0025 0.029527027027027
1.0025 0.0294230769230769
1.0025 0.0293199233716475
1.0025 0.0292175572519084
1.0025 0.0291159695817491
1.0025 0.0290151515151515
1.0025 0.0289150943396226
1.0025 0.0288157894736842
1.0025 0.0287172284644195
1.0025 0.0286194029850746
1.0025 0.0285223048327138
1.0025 0.0284259259259259
1.0025 0.028330258302583
1.0025 0.0282352941176471
1.0025 0.0281410256410256
1.0025 0.0280474452554745
1.0025 0.0279545454545455
1.0025 0.0278623188405797
1.0025 0.0277707581227437
1.0025 0.0276798561151079
1.0025 0.027589605734767
1.0025 0.0275
1.0025 0.0274110320284698
1.0025 0.027322695035461
1.0025 0.0272349823321555
1.0025 0.0271478873239437
1.0025 0.0270614035087719
1.0025 0.0269755244755245
1.0025 0.026890243902439
1.0025 0.0268055555555556
1.0025 0.0267214532871972
1.0025 0.0266379310344828
1.0025 0.0265549828178694
1.0025 0.026472602739726
1.0025 0.0263907849829352
1.0025 0.0263095238095238
1.0025 0.026228813559322
1.0025 0.0261486486486487
1.0025 0.0260690235690236
1.0025 0.025989932885906
1.0025 0.0259113712374582
1.0025 0.0258333333333333
1.0025 0.0257558139534884
1.0025 0.0256788079470199
1.0025 0.0256023102310231
1.0025 0.0255263157894737
1.0025 0.0254508196721311
1.0025 0.0253758169934641
1.0025 0.0253013029315961
1.0025 0.0252272727272727
1.0025 0.0251537216828479
1.0025 0.0250806451612903
1.0025 0.025008038585209
1.0025 0.0249358974358974
1.0025 0.0248642172523962
1.0025 0.0247929936305732
1.0025 0.0247222222222222
1.0025 0.0246518987341772
1.0025 0.0245820189274448
1.0025 0.0245125786163522
1.0025 0.0244435736677116
1.0025 0.024375
1.0025 0.0243068535825545
1.0025 0.0242391304347826
1.0025 0.024171826625387
1.0025 0.0241049382716049
1.0025 0.0240384615384615
1.0025 0.0239723926380368
1.0025 0.0239067278287462
1.0025 0.0238414634146342
1.0025 0.0237765957446809
1.0025 0.0237121212121212
1.0025 0.0236480362537764
1.0025 0.0235843373493976
1.0025 0.023521021021021
1.0025 0.0234580838323353
1.0025 0.0233955223880597
1.0025 0.0233333333333333
1.0025 0.0232715133531157
1.0025 0.0232100591715976
1.0025 0.0231489675516224
1.0025 0.0230882352941176
1.0025 0.0230278592375367
1.0025 0.0229678362573099
1.0025 0.0229081632653061
1.0025 0.0228488372093023
1.0025 0.0227898550724638
1.0025 0.0227312138728324
1.0025 0.0226729106628242
1.0025 0.0226149425287356
1.0025 0.0225573065902579
1.0025 0.0225
1.0025 0.0224430199430199
1.0025 0.0223863636363636
1.0025 0.0223300283286119
1.0025 0.022274011299435
1.0025 0.0222183098591549
1.0025 0.0221629213483146
1.0025 0.0221078431372549
1.0025 0.0220530726256983
1.0025 0.0219986072423398
1.0025 0.0219444444444444
1.0025 0.0218905817174515
1.0025 0.0218370165745856
1.0025 0.0217837465564738
1.0025 0.0217307692307692
1.0025 0.0216780821917808
1.0025 0.0216256830601093
1.0025 0.0215735694822888
1.0025 0.0215217391304348
1.0025 0.021470189701897
1.0025 0.0214189189189189
1.0025 0.0213679245283019
1.0025 0.0213172043010753
1.0025 0.0212667560321716
1.0025 0.021216577540107
1.0025 0.0211666666666667
1.0025 0.0211170212765957
1.0025 0.0210676392572944
1.0025 0.0210185185185185
1.0025 0.0209696569920844
1.0025 0.0209210526315789
1.0025 0.0208727034120735
1.0025 0.0208246073298429
1.0025 0.0207767624020888
1.0025 0.0207291666666667
1.0025 0.0206818181818182
1.0025 0.0206347150259067
1.0025 0.0205878552971576
1.0025 0.0205412371134021
1.0025 0.0204948586118252
1.0025 0.020448717948718
1.0025 0.0204028132992327
1.0025 0.0203571428571429
1.0025 0.0203117048346056
1.0025 0.0202664974619289
1.0025 0.0202215189873418
1.0025 0.0201767676767677
1.0025 0.020132241813602
1.0025 0.0200879396984925
1.0025 0.0200438596491228
1.0025 0.02
1.0025 0.0199563591022444
1.0025 0.0199129353233831
1.0025 0.0198697270471464
1.0025 0.0198267326732673
1.0025 0.019783950617284
1.0025 0.0197413793103448
1.0025 0.0196990171990172
1.0025 0.019656862745098
1.0025 0.0196149144254279
1.0025 0.0195731707317073
1.0025 0.0195316301703163
1.0025 0.0194902912621359
1.0025 0.0194491525423729
1.0025 0.0194082125603865
1.0025 0.0193674698795181
1.0025 0.0193269230769231
1.0025 0.0192865707434053
1.0025 0.0192464114832536
1.0025 0.0192064439140811
1.0025 0.0191666666666667
1.0025 0.0191270783847981
1.0025 0.0190876777251185
1.0025 0.019048463356974
1.0025 0.0190094339622642
1.0025 0.0189705882352941


