-0.005 0.995
-0.005 0.995
-0.005 0.328333333333333
-0.005 0.328333333333333
0.161666666666667 0.328333333333333
0.161666666666667 0.245
0.161666666666667 0.217222222222222
0.161666666666667 0.217222222222222
0.161666666666667 0.217222222222222
0.161666666666667 0.217222222222222
0.328333333333333 0.217222222222222
0.328333333333333 0.195
0.328333333333333 0.176818181818182
0.328333333333333 0.161666666666667
0.328333333333333 0.148846153846154
0.328333333333333 0.137857142857143
0.328333333333333 0.128333333333333
0.328333333333333 0.128333333333333
0.328333333333333 0.128333333333333
0.328333333333333 0.128333333333333
0.328333333333333 0.128333333333333
0.328333333333333 0.128333333333333
0.328333333333333 0.128333333333333
0.328333333333333 0.128333333333333
0.328333333333333 0.128333333333333
0.495 0.128333333333333
0.495 0.128333333333333
0.495 0.128333333333333
0.495 0.128333333333333
0.495 0.128333333333333
0.495 0.128333333333333
0.661666666666667 0.128333333333333
0.661666666666667 0.124032258064516
0.661666666666667 0.12
0.661666666666667 0.116212121212121
0.661666666666667 0.112647058823529
0.661666666666667 0.109285714285714
0.661666666666667 0.108636363636364
0.661666666666667 0.108636363636364
0.661666666666667 0.108636363636364
0.661666666666667 0.108636363636364
0.661666666666667 0.108636363636364
0.661666666666667 0.108636363636364
0.661666666666667 0.108636363636364
0.661666666666667 0.108636363636364
0.828333333333333 0.108636363636364
0.828333333333333 0.106111111111111
0.828333333333333 0.103695652173913
0.828333333333333 0.101382978723404
0.828333333333333 0.0991666666666667
0.828333333333333 0.0970408163265306
0.828333333333333 0.095
0.828333333333333 0.0930392156862745
0.828333333333333 0.0911538461538462
0.828333333333333 0.0893396226415094
0.828333333333333 0.0875925925925926
0.828333333333333 0.0859090909090909
0.828333333333333 0.0842857142857143
0.828333333333333 0.082719298245614
0.828333333333333 0.0812068965517241
0.828333333333333 0.0797457627118644
0.828333333333333 0.0783333333333333
0.828333333333333 0.0769672131147541
0.828333333333333 0.0756451612903226
0.828333333333333 0.0743650793650794
0.828333333333333 0.073125
0.828333333333333 0.0719230769230769
0.828333333333333 0.0707575757575758
0.828333333333333 0.0696268656716418
0.828333333333333 0.0685294117647059
0.828333333333333 0.067463768115942
0.828333333333333 0.0664285714285714
0.828333333333333 0.0654225352112676
0.828333333333333 0.0644444444444444
0.828333333333333 0.0634931506849315
0.828333333333333 0.0625675675675676
0.828333333333333 0.0616666666666667
0.828333333333333 0.0607894736842105
0.828333333333333 0.0599350649350649
0.828333333333333 0.0591025641025641
0.828333333333333 0.0582911392405063
0.828333333333333 0.0575
0.828333333333333 0.0567283950617284
0.828333333333333 0.0559756097560976
0.828333333333333 0.0552409638554217
0.828333333333333 0.0545238095238095
0.828333333333333 0.0538235294117647
0.828333333333333 0.0531395348837209
0.828333333333333 0.0524712643678161
0.828333333333333 0.0518181818181818
0.828333333333333 0.0511797752808989
0.828333333333333 0.0505555555555556
0.828333333333333 0.0505555555555556
0.828333333333333 0.0505555555555556
0.828333333333333 0.0505555555555556
0.828333333333333 0.0505555555555556
0.828333333333333 0.0505555555555556
0.828333333333333 0.0505555555555556
0.828333333333333 0.0505555555555556
0.828333333333333 0.0505555555555556
0.828333333333333 0.0505555555555556
0.828333333333333 0.0505555555555556
0.828333333333333 0.0505555555555556
0.828333333333333 0.0505555555555556
0.828333333333333 0.0505555555555556
0.828333333333333 0.0505555555555556
0.828333333333333 0.0505555555555556
0.828333333333333 0.0505555555555556
0.828333333333333 0.0505555555555556
0.995 0.0505555555555556
0.995 0.050045871559633
0.995 0.0495454545454545
0.995 0.0490540540540541
0.995 0.0485714285714286
0.995 0.0480973451327434
0.995 0.0476315789473684
0.995 0.0471739130434783
0.995 0.0467241379310345
0.995 0.0462820512820513
0.995 0.0458474576271187
0.995 0.0454201680672269
0.995 0.045
0.995 0.0445867768595041
0.995 0.0441803278688525
0.995 0.0437804878048781
0.995 0.0433870967741936
0.995 0.043
0.995 0.0426190476190476
0.995 0.042244094488189
0.995 0.041875
0.995 0.0415116279069767
0.995 0.0411538461538462
0.995 0.0408015267175573
0.995 0.0404545454545455
0.995 0.0401127819548872
0.995 0.0397761194029851
0.995 0.0394444444444444
0.995 0.0391176470588235
0.995 0.0387956204379562
0.995 0.0384782608695652
0.995 0.0381654676258993
0.995 0.0378571428571429
0.995 0.0375531914893617
0.995 0.0372535211267606
0.995 0.036958041958042
0.995 0.0366666666666667
0.995 0.0363793103448276
0.995 0.0360958904109589
0.995 0.0358163265306122
0.995 0.0355405405405405
0.995 0.0352684563758389
0.995 0.035
0.995 0.0347350993377483
0.995 0.0344736842105263
0.995 0.0342156862745098
0.995 0.033961038961039
0.995 0.0337096774193548
0.995 0.0334615384615385
0.995 0.0332165605095541
0.995 0.0329746835443038
0.995 0.0327358490566038
0.995 0.0325
0.995 0.0322670807453416
0.995 0.032037037037037
0.995 0.0318098159509203
0.995 0.0315853658536585
0.995 0.0313636363636364
0.995 0.031144578313253
0.995 0.0309281437125749
0.995 0.0307142857142857
0.995 0.0305029585798817
0.995 0.0302941176470588
0.995 0.0300877192982456
0.995 0.0298837209302326
0.995 0.0296820809248555
0.995 0.0294827586206897
0.995 0.0292857142857143
0.995 0.0290909090909091
0.995 0.0288983050847458
0.995 0.0287078651685393
0.995 0.0285195530726257
0.995 0.0283333333333333
0.995 0.0281491712707182
0.995 0.027967032967033
0.995 0.0277868852459016
0.995 0.0276086956521739
0.995 0.0274324324324324
0.995 0.027258064516129
0.995 0.0270855614973262
0.995 0.0269148936170213
0.995 0.0267460317460317
0.995 0.0265789473684211
0.995 0.026413612565445
0.995 0.02625
0.995 0.0260880829015544
0.995 0.0259278350515464
0.995 0.0257692307692308
0.995 0.0256122448979592
0.995 0.0254568527918782
0.995 0.0253030303030303
0.995 0.0251507537688442
0.995 0.025
0.995 0.0248507462686567
0.995 0.0247029702970297
0.995 0.0245566502463054
0.995 0.0244117647058824
0.995 0.0242682926829268
0.995 0.024126213592233
0.995 0.0239855072463768
0.995 0.0238461538461539
0.995 0.0237081339712919
0.995 0.0235714285714286
0.995 0.023436018957346
0.995 0.0233018867924528
0.995 0.023169014084507
0.995 0.0230373831775701
0.995 0.022906976744186
0.995 0.0227777777777778
0.995 0.0226497695852535
0.995 0.0225229357798165
0.995 0.0223972602739726
0.995 0.0222727272727273
0.995 0.0221493212669683
0.995 0.022027027027027
0.995 0.0219058295964126
0.995 0.0217857142857143
0.995 0.0216666666666667
0.995 0.0215486725663717
0.995 0.021431718061674
0.995 0.0213157894736842
0.995 0.0212008733624454
0.995 0.0210869565217391
0.995 0.020974025974026
0.995 0.0208620689655172
0.995 0.0207510729613734
0.995 0.0206410256410256
0.995 0.020531914893617
0.995 0.0204237288135593
0.995 0.0203164556962025
0.995 0.0202100840336134
0.995 0.0201046025104603
0.995 0.02
0.995 0.019896265560166
0.995 0.0197933884297521
0.995 0.0196913580246914
0.995 0.0195901639344262
0.995 0.0194897959183673
0.995 0.019390243902439
0.995 0.0192914979757085
0.995 0.0191935483870968
0.995 0.0190963855421687
0.995 0.019
0.995 0.0189043824701195
0.995 0.0188095238095238
0.995 0.0187154150197628
0.995 0.0186220472440945
0.995 0.0185294117647059
0.995 0.0184375
0.995 0.0183463035019455
0.995 0.0182558139534884
0.995 0.0181660231660232
0.995 0.0180769230769231
0.995 0.0179885057471264
0.995 0.0179007633587786
0.995 0.0178136882129278
0.995 0.0177272727272727
0.995 0.0176415094339623
0.995 0.0175563909774436
0.995 0.0174719101123596
0.995 0.0173880597014925
0.995 0.0173048327137546
0.995 0.0172222222222222
0.995 0.017140221402214
0.995 0.0170588235294118
0.995 0.016978021978022
0.995 0.0168978102189781
0.995 0.0168181818181818
0.995 0.0167391304347826
0.995 0.0166606498194946
0.995 0.0165827338129496
0.995 0.016505376344086
0.995 0.0164285714285714
0.995 0.0163523131672598
0.995 0.0162765957446809
0.995 0.0162014134275618
0.995 0.0161267605633803
0.995 0.0160526315789474
0.995 0.015979020979021
0.995 0.0159059233449477
0.995 0.0158333333333333
0.995 0.0157612456747405
0.995 0.0156896551724138
0.995 0.0156185567010309
0.995 0.0155479452054795
0.995 0.0154778156996587
0.995 0.0154081632653061
0.995 0.0153389830508475
0.995 0.0152702702702703
0.995 0.0152020202020202
0.995 0.0151342281879195
0.995 0.015066889632107
0.995 0.015
0.995 0.0149335548172757
0.995 0.0148675496688742
0.995 0.0148019801980198
0.995 0.0147368421052632
0.995 0.014672131147541
0.995 0.0146078431372549
0.995 0.0145439739413681
0.995 0.0144805194805195
0.995 0.0144174757281553
0.995 0.0143548387096774
0.995 0.0142926045016077
0.995 0.0142307692307692
0.995 0.0141693290734824
0.995 0.0141082802547771
0.995 0.0140476190476191
0.995 0.0139873417721519
0.995 0.0139274447949527
0.995 0.0138679245283019
0.995 0.0138087774294671
0.995 0.01375
0.995 0.0136915887850467
0.995 0.0136335403726708
0.995 0.0135758513931889
0.995 0.0135185185185185
0.995 0.0134615384615385
0.995 0.0134049079754601
0.995 0.013348623853211
0.995 0.0132926829268293
0.995 0.0132370820668693
0.995 0.0131818181818182
0.995 0.0131268882175227
0.995 0.0130722891566265
0.995 0.013018018018018
0.995 0.0129640718562874
0.995 0.012910447761194
0.995 0.0128571428571429
0.995 0.0128041543026706
0.995 0.0127514792899408
0.995 0.0126991150442478
0.995 0.0126470588235294
0.995 0.0125953079178886
0.995 0.0125438596491228
0.995 0.0124927113702624
0.995 0.0124418604651163
0.995 0.0123913043478261
0.995 0.0123410404624277
0.995 0.0122910662824208
0.995 0.0122413793103448
0.995 0.0121919770773639
0.995 0.0121428571428571
0.995 0.0120940170940171
0.995 0.0120454545454545
0.995 0.0119971671388102
0.995 0.0119491525423729
0.995 0.0119014084507042
0.995 0.0118539325842697
0.995 0.0118067226890756
0.995 0.0117597765363128
0.995 0.0117130919220056
0.995 0.0116666666666667
0.995 0.0116204986149585
0.995 0.0115745856353591
0.995 0.0115289256198347
0.995 0.0114835164835165
0.995 0.0114383561643836
0.995 0.0113934426229508
0.995 0.0113487738419619
0.995 0.011304347826087
0.995 0.011260162601626
0.995 0.0112162162162162
0.995 0.0111725067385445
0.995 0.0111290322580645
0.995 0.0110857908847185
0.995 0.0110427807486631
0.995 0.011
0.995 0.0109574468085106
0.995 0.0109151193633952
0.995 0.0108730158730159
0.995 0.0108311345646438
0.995 0.0107894736842105
0.995 0.010748031496063
0.995 0.0107068062827225
0.995 0.0106657963446475
0.995 0.010625
0.995 0.0105844155844156
0.995 0.0105440414507772
0.995 0.0105038759689922
0.995 0.0104639175257732
0.995 0.0104241645244216
0.995 0.0103846153846154
0.995 0.0103452685421995
0.995 0.0103061224489796
0.995 0.0102671755725191
0.995 0.0102284263959391
0.995 0.0101898734177215
0.995 0.0101515151515152
0.995 0.0101133501259446
0.995 0.0100753768844221
0.995 0.0100375939849624
0.995 0.01
0.995 0.00996259351620948
0.995 0.00992537313432836
0.995 0.00988833746898263
0.995 0.00985148514851485
0.995 0.00981481481481482
0.995 0.00977832512315271
0.995 0.00974201474201474
0.995 0.00970588235294118
0.995 0.00966992665036675
0.995 0.00963414634146342
0.995 0.0095985401459854
0.995 0.00956310679611651
0.995 0.00952784503631961
0.995 0.00949275362318841
0.995 0.00945783132530121
0.995 0.00942307692307692
0.995 0.0093884892086331
0.995 0.00935406698564593
0.995 0.00931980906921241
0.995 0.00928571428571429
0.995 0.00925178147268409
0.995 0.00921800947867299
0.995 0.00918439716312057
0.995 0.00915094339622642
0.995 0.00911764705882353


-0.0025 0.9975
-0.0025 0.9975
0.164166666666667 0.9975
0.164166666666667 0.664166666666667
0.330833333333333 0.664166666666667
0.330833333333333 0.4975
0.330833333333333 0.3975
0.330833333333333 0.330833333333333
0.330833333333333 0.283214285714286
0.330833333333333 0.2475
0.330833333333333 0.219722222222222
0.330833333333333 0.1975
0.330833333333333 0.179318181818182
0.330833333333333 0.164166666666667
0.330833333333333 0.151346153846154
0.330833333333333 0.140357142857143
0.330833333333333 0.140357142857143
0.330833333333333 0.140357142857143
0.330833333333333 0.140357142857143
0.330833333333333 0.140357142857143
0.330833333333333 0.140357142857143
0.330833333333333 0.140357142857143
0.4975 0.140357142857143
0.4975 0.133863636363636
0.4975 0.127934782608696
0.4975 0.1225
0.4975 0.1175
0.4975 0.112884615384615
0.4975 0.111785714285714
0.4975 0.111785714285714
0.4975 0.111785714285714
0.4975 0.111785714285714
0.4975 0.111785714285714
0.4975 0.111785714285714
0.4975 0.111785714285714
0.4975 0.111785714285714
0.664166666666667 0.111785714285714
0.664166666666667 0.108611111111111
0.664166666666667 0.105608108108108
0.664166666666667 0.102763157894737
0.664166666666667 0.100064102564103
0.664166666666667 0.0975
0.664166666666667 0.0950609756097561
0.664166666666667 0.0927380952380952
0.664166666666667 0.0905232558139535
0.664166666666667 0.0884090909090909
0.664166666666667 0.0863888888888889
0.664166666666667 0.0844565217391304
0.664166666666667 0.0826063829787234
0.664166666666667 0.0808333333333333
0.664166666666667 0.0791326530612245
0.664166666666667 0.0775
0.664166666666667 0.0759313725490196
0.664166666666667 0.0744230769230769
0.664166666666667 0.0729716981132075
0.664166666666667 0.0715740740740741
0.664166666666667 0.0702272727272727
0.664166666666667 0.0689285714285714
0.664166666666667 0.0680882352941176
0.664166666666667 0.0680882352941176
0.664166666666667 0.0680882352941176
0.664166666666667 0.0680882352941176
0.664166666666667 0.0680882352941176
0.664166666666667 0.0680882352941176
0.664166666666667 0.0680882352941176
0.664166666666667 0.0680882352941176
0.664166666666667 0.0680882352941176
0.664166666666667 0.0680882352941176
0.664166666666667 0.0680882352941176
0.664166666666667 0.0680882352941176
0.664166666666667 0.0680882352941176
0.664166666666667 0.0680882352941176
0.664166666666667 0.0680882352941176
0.664166666666667 0.0680882352941176
0.664166666666667 0.0680882352941176
0.664166666666667 0.0680882352941176
0.664166666666667 0.0680882352941176
0.664166666666667 0.0680882352941176
0.664166666666667 0.0680882352941176
0.664166666666667 0.0680882352941176
0.664166666666667 0.0680882352941176
0.664166666666667 0.0680882352941176
0.664166666666667 0.0680882352941176
0.664166666666667 0.0680882352941176
0.664166666666667 0.0680882352941176
0.830833333333333 0.0680882352941176
0.9975 0.0680882352941176
0.9975 0.0672674418604651
0.9975 0.0664655172413793
0.9975 0.0656818181818182
0.9975 0.0649157303370786
0.9975 0.0641666666666667
0.9975 0.0634340659340659
0.9975 0.0627173913043478
0.9975 0.0620161290322581
0.9975 0.0613297872340425
0.9975 0.0606578947368421
0.9975 0.06
0.9975 0.0593556701030928
0.9975 0.0587244897959184
0.9975 0.0581060606060606
0.9975 0.0575
0.9975 0.0569059405940594
0.9975 0.0563235294117647
0.9975 0.055752427184466
0.9975 0.0551923076923077
0.9975 0.0546428571428571
0.9975 0.0541037735849057
0.9975 0.0535747663551402
0.9975 0.0530555555555556
0.9975 0.052545871559633
0.9975 0.0520454545454545
0.9975 0.0515540540540541
0.9975 0.0510714285714286
0.9975 0.0505973451327434
0.9975 0.0501315789473684
0.9975 0.0496739130434783
0.9975 0.0492241379310345
0.9975 0.0487820512820513
0.9975 0.0483474576271186
0.9975 0.0479201680672269
0.9975 0.0475
0.9975 0.0470867768595041
0.9975 0.0466803278688525
0.9975 0.046280487804878
0.9975 0.0458870967741935
0.9975 0.0455
0.9975 0.0451190476190476
0.9975 0.044744094488189
0.9975 0.044375
0.9975 0.0440116279069767
0.9975 0.0436538461538462
0.9975 0.0433015267175573
0.9975 0.0429545454545455
0.9975 0.0426127819548872
0.9975 0.0422761194029851
0.9975 0.0419444444444444
0.9975 0.0416176470588235
0.9975 0.0412956204379562
0.9975 0.0409782608695652
0.9975 0.0406654676258993
0.9975 0.0403571428571429
0.9975 0.0400531914893617
0.9975 0.0397535211267606
0.9975 0.039458041958042
0.9975 0.0391666666666667
0.9975 0.0388793103448276
0.9975 0.0385958904109589
0.9975 0.0383163265306122
0.9975 0.0380405405405405
0.9975 0.0377684563758389
0.9975 0.0375
0.9975 0.0372350993377483
0.9975 0.0369736842105263
0.9975 0.0367156862745098
0.9975 0.036461038961039
0.9975 0.0362096774193548
0.9975 0.0359615384615385
0.9975 0.0357165605095541
0.9975 0.0354746835443038
0.9975 0.0352358490566038
0.9975 0.035
0.9975 0.0347670807453416
0.9975 0.034537037037037
0.9975 0.0343098159509202
0.9975 0.0340853658536585
0.9975 0.0338636363636364
0.9975 0.033644578313253
0.9975 0.0334281437125748
0.9975 0.0332142857142857
0.9975 0.0330029585798817
0.9975 0.0327941176470588
0.9975 0.0325877192982456
0.9975 0.0323837209302326
0.9975 0.0321820809248555
0.9975 0.0319827586206897
0.9975 0.0317857142857143
0.9975 0.0315909090909091
0.9975 0.0313983050847458
0.9975 0.0312078651685393
0.9975 0.0310195530726257
0.9975 0.0308333333333333
0.9975 0.0306491712707182
0.9975 0.030467032967033
0.9975 0.0302868852459016
0.9975 0.0301086956521739
0.9975 0.0299324324324324
0.9975 0.029758064516129
0.9975 0.0295855614973262
0.9975 0.0294148936170213
0.9975 0.0292460317460317
0.9975 0.0290789473684211
0.9975 0.028913612565445
0.9975 0.02875
0.9975 0.0285880829015544
0.9975 0.0284278350515464
0.9975 0.0282692307692308
0.9975 0.0281122448979592
0.9975 0.0279568527918782
0.9975 0.0278030303030303
0.9975 0.0276507537688442
0.9975 0.0275
0.9975 0.0273507462686567
0.9975 0.0272029702970297
0.9975 0.0270566502463054
0.9975 0.0269117647058824
0.9975 0.0267682926829268
0.9975 0.026626213592233
0.9975 0.0264855072463768
0.9975 0.0263461538461538
0.9975 0.0262081339712919
0.9975 0.0260714285714286
0.9975 0.025936018957346
0.9975 0.0258018867924528
0.9975 0.025669014084507
0.9975 0.0255373831775701
0.9975 0.025406976744186
0.9975 0.0252777777777778
0.9975 0.0251497695852535
0.9975 0.0250229357798165
0.9975 0.0248972602739726
0.9975 0.0247727272727273
0.9975 0.0246493212669683
0.9975 0.024527027027027
0.9975 0.0244058295964126
0.9975 0.0242857142857143
0.9975 0.0241666666666667
0.9975 0.0240486725663717
0.9975 0.023931718061674
0.9975 0.0238157894736842
0.9975 0.0237008733624454
0.9975 0.0235869565217391
0.9975 0.023474025974026
0.9975 0.0233620689655172
0.9975 0.0232510729613734
0.9975 0.0231410256410256
0.9975 0.023031914893617
0.9975 0.0229237288135593
0.9975 0.0228164556962025
0.9975 0.0227100840336134
0.9975 0.0226046025104603
0.9975 0.0225
0.9975 0.022396265560166
0.9975 0.0222933884297521
0.9975 0.0221913580246914
0.9975 0.0220901639344262
0.9975 0.0219897959183673
0.9975 0.021890243902439
0.9975 0.0217914979757085
0.9975 0.0216935483870968
0.9975 0.0215963855421687
0.9975 0.0215
0.9975 0.0214043824701195
0.9975 0.0213095238095238
0.9975 0.0212154150197628
0.9975 0.0211220472440945
0.9975 0.0210294117647059
0.9975 0.0209375
0.9975 0.0208463035019455
0.9975 0.0207558139534884
0.9975 0.0206660231660232
0.9975 0.0205769230769231
0.9975 0.0204885057471264
0.9975 0.0204007633587786
0.9975 0.0203136882129278
0.9975 0.0202272727272727
0.9975 0.0201415094339623
0.9975 0.0200563909774436
0.9975 0.0199719101123596
0.9975 0.0198880597014925
0.9975 0.0198048327137546
0.9975 0.0197222222222222
0.9975 0.019640221402214
0.9975 0.0195588235294118
0.9975 0.019478021978022
0.9975 0.0193978102189781
0.9975 0.0193181818181818
0.9975 0.0192391304347826
0.9975 0.0191606498194946
0.9975 0.0190827338129496
0.9975 0.019005376344086
0.9975 0.0189285714285714
0.9975 0.0188523131672598
0.9975 0.0187765957446809
0.9975 0.0187014134275618
0.9975 0.0186267605633803
0.9975 0.0185526315789474
0.9975 0.018479020979021
0.9975 0.0184059233449477
0.9975 0.0183333333333333
0.9975 0.0182612456747405
0.9975 0.0181896551724138
0.9975 0.0181185567010309
0.9975 0.0180479452054795
0.9975 0.0179778156996587
0.9975 0.0179081632653061
0.9975 0.0178389830508475
0.9975 0.0177702702702703
0.9975 0.0177020202020202
0.9975 0.0176342281879195
0.9975 0.017566889632107
0.9975 0.0175
0.9975 0.0174335548172757
0.9975 0.0173675496688742
0.9975 0.0173019801980198
0.9975 0.0172368421052632
0.9975 0.017172131147541
0.9975 0.0171078431372549
0.9975 0.0170439739413681
0.9975 0.0169805194805195
0.9975 0.0169174757281553
0.9975 0.0168548387096774
0.9975 0.0167926045016077
0.9975 0.0167307692307692
0.9975 0.0166693290734824
0.9975 0.0166082802547771
0.9975 0.0165476190476191
0.9975 0.0164873417721519
0.9975 0.0164274447949527
0.9975 0.0163679245283019
0.9975 0.0163087774294671
0.9975 0.01625
0.9975 0.0161915887850467
0.9975 0.0161335403726708
0.9975 0.0160758513931889
0.9975 0.0160185185185185
0.9975 0.0159615384615385
0.9975 0.0159049079754601
0.9975 0.015848623853211
0.9975 0.0157926829268293
0.9975 0.0157370820668693
0.9975 0.0156818181818182
0.9975 0.0156268882175227
0.9975 0.0155722891566265
0.9975 0.015518018018018
0.9975 0.0154640718562874
0.9975 0.015410447761194
0.9975 0.0153571428571429
0.9975 0.0153041543026706
0.9975 0.0152514792899408
0.9975 0.0151991150442478
0.9975 0.0151470588235294
0.9975 0.0150953079178886
0.9975 0.0150438596491228
0.9975 0.0149927113702624
0.9975 0.0149418604651163
0.9975 0.0148913043478261
0.9975 0.0148410404624277
0.9975 0.0147910662824208
0.9975 0.0147413793103448
0.9975 0.0146919770773639
0.9975 0.0146428571428571
0.9975 0.0145940170940171
0.9975 0.0145454545454545
0.9975 0.0144971671388102
0.9975 0.0144491525423729
0.9975 0.0144014084507042
0.9975 0.0143539325842697
0.9975 0.0143067226890756
0.9975 0.0142597765363129
0.9975 0.0142130919220056
0.9975 0.0141666666666667
0.9975 0.0141204986149585
0.9975 0.0140745856353591
0.9975 0.0140289256198347
0.9975 0.0139835164835165
0.9975 0.0139383561643836
0.9975 0.0138934426229508
0.9975 0.0138487738419619
0.9975 0.013804347826087
0.9975 0.013760162601626
0.9975 0.0137162162162162
0.9975 0.0136725067385445
0.9975 0.0136290322580645
0.9975 0.0135857908847185
0.9975 0.0135427807486631
0.9975 0.0135
0.9975 0.0134574468085106
0.9975 0.0134151193633952
0.9975 0.0133730158730159
0.9975 0.0133311345646438
0.9975 0.0132894736842105
0.9975 0.013248031496063
0.9975 0.0132068062827225
0.9975 0.0131657963446475
0.9975 0.013125
0.9975 0.0130844155844156
0.9975 0.0130440414507772
0.9975 0.0130038759689922
0.9975 0.0129639175257732
0.9975 0.0129241645244216
0.9975 0.0128846153846154
0.9975 0.0128452685421995
0.9975 0.0128061224489796
0.9975 0.0127671755725191
0.9975 0.0127284263959391
0.9975 0.0126898734177215
0.9975 0.0126515151515152
0.9975 0.0126133501259446
0.9975 0.0125753768844221
0.9975 0.0125375939849624
0.9975 0.0125
0.9975 0.0124625935162095
0.9975 0.0124253731343284
0.9975 0.0123883374689826
0.9975 0.0123514851485149
0.9975 0.0123148148148148
0.9975 0.0122783251231527
0.9975 0.0122420147420147
0.9975 0.0122058823529412
0.9975 0.0121699266503667
0.9975 0.0121341463414634
0.9975 0.0120985401459854
0.9975 0.0120631067961165
0.9975 0.0120278450363196
0.9975 0.0119927536231884
0.9975 0.0119578313253012
0.9975 0.0119230769230769
0.9975 0.0118884892086331
0.9975 0.0118540669856459
0.9975 0.0118198090692124
0.9975 0.0117857142857143
0.9975 0.0117517814726841
0.9975 0.011718009478673
0.9975 0.0116843971631206
0.9975 0.0116509433962264
0.9975 0.0116176470588235


8.67361737988404E-19 1
8.67361737988404E-19 1
8.67361737988404E-19 0.25
8.67361737988404E-19 0.25
8.67361737988404E-19 0.25
8.67361737988404E-19 0.25
0.166666666666667 0.25
0.166666666666667 0.25
0.166666666666667 0.25
0.333333333333333 0.25
0.333333333333333 0.222222222222222
0.333333333333333 0.2
0.333333333333333 0.181818181818182
0.333333333333333 0.166666666666667
0.333333333333333 0.153846153846154
0.333333333333333 0.142857142857143
0.333333333333333 0.133333333333333
0.333333333333333 0.125
0.333333333333333 0.117647058823529
0.333333333333333 0.111111111111111
0.333333333333333 0.106382978723404
0.333333333333333 0.106382978723404
0.333333333333333 0.106382978723404
0.333333333333333 0.106382978723404
0.333333333333333 0.106382978723404
0.333333333333333 0.106382978723404
0.333333333333333 0.106382978723404
0.333333333333333 0.106382978723404
0.333333333333333 0.106382978723404
0.333333333333333 0.106382978723404
0.333333333333333 0.106382978723404
0.333333333333333 0.106382978723404
0.333333333333333 0.106382978723404
0.333333333333333 0.106382978723404
0.333333333333333 0.106382978723404
0.333333333333333 0.106382978723404
0.333333333333333 0.106382978723404
0.333333333333333 0.106382978723404
0.333333333333333 0.106382978723404
0.333333333333333 0.106382978723404
0.333333333333333 0.106382978723404
0.333333333333333 0.106382978723404
0.5 0.106382978723404
0.5 0.106382978723404
0.5 0.106382978723404
0.5 0.106382978723404
0.5 0.106382978723404
0.666666666666667 0.106382978723404
0.833333333333333 0.106382978723404
0.833333333333333 0.105263157894737
0.833333333333333 0.105263157894737
0.833333333333333 0.105263157894737
0.833333333333333 0.105263157894737
0.833333333333333 0.105263157894737
0.833333333333333 0.105263157894737
0.833333333333333 0.105263157894737
0.833333333333333 0.105263157894737
0.833333333333333 0.105263157894737
1 0.105263157894737
1 0.103448275862069
1 0.101694915254237
1 0.1
1 0.0983606557377049
1 0.0967741935483871
1 0.0952380952380952
1 0.09375
1 0.0923076923076923
1 0.0909090909090909
1 0.0895522388059701
1 0.0882352941176471
1 0.0869565217391304
1 0.0857142857142857
1 0.0845070422535211
1 0.0833333333333333
1 0.0821917808219178
1 0.0810810810810811
1 0.08
1 0.0789473684210526
1 0.0779220779220779
1 0.0769230769230769
1 0.0759493670886076
1 0.075
1 0.0740740740740741
1 0.0731707317073171
1 0.072289156626506
1 0.0714285714285714
1 0.0705882352941176
1 0.0697674418604651
1 0.0689655172413793
1 0.0681818181818182
1 0.0674157303370787
1 0.0666666666666667
1 0.0659340659340659
1 0.0652173913043478
1 0.0645161290322581
1 0.0638297872340425
1 0.0631578947368421
1 0.0625
1 0.0618556701030928
1 0.0612244897959184
1 0.0606060606060606
1 0.06
1 0.0594059405940594
1 0.0588235294117647
1 0.058252427184466
1 0.0576923076923077
1 0.0571428571428571
1 0.0566037735849057
1 0.0560747663551402
1 0.0555555555555556
1 0.055045871559633
1 0.0545454545454545
1 0.0540540540540541
1 0.0535714285714286
1 0.0530973451327434
1 0.0526315789473684
1 0.0521739130434783
1 0.0517241379310345
1 0.0512820512820513
1 0.0508474576271186
1 0.0504201680672269
1 0.05
1 0.0495867768595041
1 0.0491803278688525
1 0.0487804878048781
1 0.0483870967741935
1 0.048
1 0.0476190476190476
1 0.047244094488189
1 0.046875
1 0.0465116279069767
1 0.0461538461538462
1 0.0458015267175573
1 0.0454545454545455
1 0.0451127819548872
1 0.0447761194029851
1 0.0444444444444444
1 0.0441176470588235
1 0.0437956204379562
1 0.0434782608695652
1 0.0431654676258993
1 0.0428571428571429
1 0.0425531914893617
1 0.0422535211267606
1 0.041958041958042
1 0.0416666666666667
1 0.0413793103448276
1 0.0410958904109589
1 0.0408163265306122
1 0.0405405405405405
1 0.0402684563758389
1 0.04
1 0.0397350993377483
1 0.0394736842105263
1 0.0392156862745098
1 0.038961038961039
1 0.0387096774193548
1 0.0384615384615385
1 0.0382165605095541
1 0.0379746835443038
1 0.0377358490566038
1 0.0375
1 0.0372670807453416
1 0.037037037037037
1 0.0368098159509202
1 0.0365853658536585
1 0.0363636363636364
1 0.036144578313253
1 0.0359281437125748
1 0.0357142857142857
1 0.0355029585798817
1 0.0352941176470588
1 0.0350877192982456
1 0.0348837209302326
1 0.0346820809248555
1 0.0344827586206897
1 0.0342857142857143
1 0.0340909090909091
1 0.0338983050847458
1 0.0337078651685393
1 0.0335195530726257
1 0.0333333333333333
1 0.0331491712707182
1 0.032967032967033
1 0.0327868852459016
1 0.0326086956521739
1 0.0324324324324324
1 0.032258064516129
1 0.0320855614973262
1 0.0319148936170213
1 0.0317460317460317
1 0.0315789473684211
1 0.031413612565445
1 0.03125
1 0.0310880829015544
1 0.0309278350515464
1 0.0307692307692308
1 0.0306122448979592
1 0.0304568527918782
1 0.0303030303030303
1 0.0301507537688442
1 0.03
1 0.0298507462686567
1 0.0297029702970297
1 0.0295566502463054
1 0.0294117647058824
1 0.0292682926829268
1 0.029126213592233
1 0.0289855072463768
1 0.0288461538461538
1 0.0287081339712919
1 0.0285714285714286
1 0.028436018957346
1 0.0283018867924528
1 0.028169014084507
1 0.0280373831775701
1 0.027906976744186
1 0.0277777777777778
1 0.0276497695852535
1 0.0275229357798165
1 0.0273972602739726
1 0.0272727272727273
1 0.0271493212669683
1 0.027027027027027
1 0.0269058295964126
1 0.0267857142857143
1 0.0266666666666667
1 0.0265486725663717
1 0.026431718061674
1 0.0263157894736842
1 0.0262008733624454
1 0.0260869565217391
1 0.025974025974026
1 0.0258620689655172
1 0.0257510729613734
1 0.0256410256410256
1 0.025531914893617
1 0.0254237288135593
1 0.0253164556962025
1 0.0252100840336134
1 0.0251046025104603
1 0.025
1 0.024896265560166
1 0.0247933884297521
1 0.0246913580246914
1 0.0245901639344262
1 0.0244897959183673
1 0.024390243902439
1 0.0242914979757085
1 0.0241935483870968
1 0.0240963855421687
1 0.024
1 0.0239043824701195
1 0.0238095238095238
1 0.0237154150197628
1 0.0236220472440945
1 0.0235294117647059
1 0.0234375
1 0.0233463035019455
1 0.0232558139534884
1 0.0231660231660232
1 0.0230769230769231
1 0.0229885057471264
1 0.0229007633587786
1 0.0228136882129278
1 0.0227272727272727
1 0.0226415094339623
1 0.0225563909774436
1 0.0224719101123596
1 0.0223880597014925
1 0.0223048327137546
1 0.0222222222222222
1 0.022140221402214
1 0.0220588235294118
1 0.021978021978022
1 0.0218978102189781
1 0.0218181818181818
1 0.0217391304347826
1 0.0216606498194946
1 0.0215827338129496
1 0.021505376344086
1 0.0214285714285714
1 0.0213523131672598
1 0.0212765957446809
1 0.0212014134275618
1 0.0211267605633803
1 0.0210526315789474
1 0.020979020979021
1 0.0209059233449477
1 0.0208333333333333
1 0.0207612456747405
1 0.0206896551724138
1 0.0206185567010309
1 0.0205479452054795
1 0.0204778156996587
1 0.0204081632653061
1 0.0203389830508475
1 0.0202702702702703
1 0.0202020202020202
1 0.0201342281879195
1 0.020066889632107
1 0.02
1 0.0199335548172757
1 0.0198675496688742
1 0.0198019801980198
1 0.0197368421052632
1 0.019672131147541
1 0.0196078431372549
1 0.0195439739413681
1 0.0194805194805195
1 0.0194174757281553
1 0.0193548387096774
1 0.0192926045016077
1 0.0192307692307692
1 0.0191693290734824
1 0.0191082802547771
1 0.019047619047619
1 0.0189873417721519
1 0.0189274447949527
1 0.0188679245283019
1 0.0188087774294671
1 0.01875
1 0.0186915887850467
1 0.0186335403726708
1 0.0185758513931889
1 0.0185185185185185
1 0.0184615384615385
1 0.0184049079754601
1 0.018348623853211
1 0.0182926829268293
1 0.0182370820668693
1 0.0181818181818182
1 0.0181268882175227
1 0.0180722891566265
1 0.018018018018018
1 0.0179640718562874
1 0.017910447761194
1 0.0178571428571429
1 0.0178041543026706
1 0.0177514792899408
1 0.0176991150442478
1 0.0176470588235294
1 0.0175953079178886
1 0.0175438596491228
1 0.0174927113702624
1 0.0174418604651163
1 0.0173913043478261
1 0.0173410404624277
1 0.0172910662824208
1 0.0172413793103448
1 0.0171919770773639
1 0.0171428571428571
1 0.0170940170940171
1 0.0170454545454545
1 0.0169971671388102
1 0.0169491525423729
1 0.0169014084507042
1 0.0168539325842697
1 0.0168067226890756
1 0.0167597765363128
1 0.0167130919220056
1 0.0166666666666667
1 0.0166204986149585
1 0.0165745856353591
1 0.0165289256198347
1 0.0164835164835165
1 0.0164383561643836
1 0.0163934426229508
1 0.0163487738419619
1 0.016304347826087
1 0.016260162601626
1 0.0162162162162162
1 0.0161725067385445
1 0.0161290322580645
1 0.0160857908847185
1 0.0160427807486631
1 0.016
1 0.0159574468085106
1 0.0159151193633952
1 0.0158730158730159
1 0.0158311345646438
1 0.0157894736842105
1 0.015748031496063
1 0.0157068062827225
1 0.0156657963446475
1 0.015625
1 0.0155844155844156
1 0.0155440414507772
1 0.0155038759689922
1 0.0154639175257732
1 0.0154241645244216
1 0.0153846153846154
1 0.0153452685421995
1 0.0153061224489796
1 0.0152671755725191
1 0.0152284263959391
1 0.0151898734177215
1 0.0151515151515152
1 0.0151133501259446
1 0.0150753768844221
1 0.0150375939849624
1 0.015
1 0.0149625935162095
1 0.0149253731343284
1 0.0148883374689826
1 0.0148514851485149
1 0.0148148148148148
1 0.0147783251231527
1 0.0147420147420147
1 0.0147058823529412
1 0.0146699266503667
1 0.0146341463414634
1 0.0145985401459854
1 0.0145631067961165
1 0.0145278450363196
1 0.0144927536231884
1 0.0144578313253012
1 0.0144230769230769
1 0.0143884892086331
1 0.0143540669856459
1 0.0143198090692124
1 0.0142857142857143
1 0.0142517814726841
1 0.014218009478673
1 0.0141843971631206
1 0.0141509433962264
1 0.0141176470588235


0.0025 1.0025
0.0025 1.0025
0.169166666666667 1.0025
0.169166666666667 0.669166666666667
0.335833333333333 0.669166666666667
0.335833333333333 0.5025
0.335833333333333 0.4025
0.335833333333333 0.335833333333333
0.335833333333333 0.288214285714286
0.335833333333333 0.2525
0.335833333333333 0.224722222222222
0.335833333333333 0.2025
0.335833333333333 0.184318181818182
0.335833333333333 0.169166666666667
0.335833333333333 0.156346153846154
0.335833333333333 0.145357142857143
0.335833333333333 0.145357142857143
0.335833333333333 0.145357142857143
0.335833333333333 0.145357142857143
0.335833333333333 0.145357142857143
0.335833333333333 0.145357142857143
0.335833333333333 0.145357142857143
0.5025 0.145357142857143
0.5025 0.138863636363636
0.5025 0.132934782608696
0.5025 0.1275
0.5025 0.1225
0.5025 0.117884615384615
0.5025 0.116785714285714
0.5025 0.116785714285714
0.5025 0.116785714285714
0.5025 0.116785714285714
0.5025 0.116785714285714
0.5025 0.116785714285714
0.5025 0.116785714285714
0.5025 0.116785714285714
0.669166666666667 0.116785714285714
0.669166666666667 0.113611111111111
0.669166666666667 0.110608108108108
0.669166666666667 0.107763157894737
0.669166666666667 0.105064102564103
0.669166666666667 0.1025
0.669166666666667 0.100060975609756
0.669166666666667 0.0977380952380952
0.669166666666667 0.0955232558139535
0.669166666666667 0.0934090909090909
0.669166666666667 0.0913888888888889
0.669166666666667 0.0894565217391304
0.669166666666667 0.0876063829787234
0.669166666666667 0.0858333333333333
0.669166666666667 0.0841326530612245
0.669166666666667 0.0825
0.669166666666667 0.0809313725490196
0.669166666666667 0.0794230769230769
0.669166666666667 0.0779716981132075
0.669166666666667 0.0765740740740741
0.669166666666667 0.0752272727272727
0.669166666666667 0.0739285714285714
0.669166666666667 0.0730882352941176
0.669166666666667 0.0730882352941176
0.669166666666667 0.0730882352941176
0.669166666666667 0.0730882352941176
0.669166666666667 0.0730882352941176
0.669166666666667 0.0730882352941176
0.669166666666667 0.0730882352941176
0.669166666666667 0.0730882352941176
0.669166666666667 0.0730882352941176
0.669166666666667 0.0730882352941176
0.669166666666667 0.0730882352941176
0.669166666666667 0.0730882352941176
0.669166666666667 0.0730882352941176
0.669166666666667 0.0730882352941176
0.669166666666667 0.0730882352941176
0.669166666666667 0.0730882352941176
0.669166666666667 0.0730882352941176
0.669166666666667 0.0730882352941176
0.669166666666667 0.0730882352941176
0.669166666666667 0.0730882352941176
0.669166666666667 0.0730882352941176
0.669166666666667 0.0730882352941176
0.669166666666667 0.0730882352941176
0.669166666666667 0.0730882352941176
0.669166666666667 0.0730882352941176
0.669166666666667 0.0730882352941176
0.669166666666667 0.0730882352941176
0.835833333333333 0.0730882352941176
1.0025 0.0730882352941176
1.0025 0.0722674418604651
1.0025 0.0714655172413793
1.0025 0.0706818181818182
1.0025 0.0699157303370787
1.0025 0.0691666666666667
1.0025 0.0684340659340659
1.0025 0.0677173913043478
1.0025 0.0670161290322581
1.0025 0.0663297872340426
1.0025 0.0656578947368421
1.0025 0.065
1.0025 0.0643556701030928
1.0025 0.0637244897959184
1.0025 0.0631060606060606
1.0025 0.0625
1.0025 0.0619059405940594
1.0025 0.0613235294117647
1.0025 0.060752427184466
1.0025 0.0601923076923077
1.0025 0.0596428571428571
1.0025 0.0591037735849057
1.0025 0.0585747663551402
1.0025 0.0580555555555556
1.0025 0.057545871559633
1.0025 0.0570454545454545
1.0025 0.0565540540540541
1.0025 0.0560714285714286
1.0025 0.0555973451327434
1.0025 0.0551315789473684
1.0025 0.0546739130434783
1.0025 0.0542241379310345
1.0025 0.0537820512820513
1.0025 0.0533474576271187
1.0025 0.0529201680672269
1.0025 0.0525
1.0025 0.0520867768595041
1.0025 0.0516803278688525
1.0025 0.0512804878048781
1.0025 0.0508870967741935
1.0025 0.0505
1.0025 0.0501190476190476
1.0025 0.049744094488189
1.0025 0.049375
1.0025 0.0490116279069767
1.0025 0.0486538461538462
1.0025 0.0483015267175573
1.0025 0.0479545454545455
1.0025 0.0476127819548872
1.0025 0.0472761194029851
1.0025 0.0469444444444444
1.0025 0.0466176470588235
1.0025 0.0462956204379562
1.0025 0.0459782608695652
1.0025 0.0456654676258993
1.0025 0.0453571428571429
1.0025 0.0450531914893617
1.0025 0.0447535211267606
1.0025 0.044458041958042
1.0025 0.0441666666666667
1.0025 0.0438793103448276
1.0025 0.0435958904109589
1.0025 0.0433163265306122
1.0025 0.0430405405405405
1.0025 0.0427684563758389
1.0025 0.0425
1.0025 0.0422350993377483
1.0025 0.0419736842105263
1.0025 0.0417156862745098
1.0025 0.041461038961039
1.0025 0.0412096774193548
1.0025 0.0409615384615385
1.0025 0.0407165605095541
1.0025 0.0404746835443038
1.0025 0.0402358490566038
1.0025 0.04
1.0025 0.0397670807453416
1.0025 0.039537037037037
1.0025 0.0393098159509203
1.0025 0.0390853658536585
1.0025 0.0388636363636364
1.0025 0.038644578313253
1.0025 0.0384281437125749
1.0025 0.0382142857142857
1.0025 0.0380029585798817
1.0025 0.0377941176470588
1.0025 0.0375877192982456
1.0025 0.0373837209302326
1.0025 0.0371820809248555
1.0025 0.0369827586206897
1.0025 0.0367857142857143
1.0025 0.0365909090909091
1.0025 0.0363983050847458
1.0025 0.0362078651685393
1.0025 0.0360195530726257
1.0025 0.0358333333333333
1.0025 0.0356491712707182
1.0025 0.035467032967033
1.0025 0.0352868852459016
1.0025 0.0351086956521739
1.0025 0.0349324324324324
1.0025 0.034758064516129
1.0025 0.0345855614973262
1.0025 0.0344148936170213
1.0025 0.0342460317460317
1.0025 0.0340789473684211
1.0025 0.033913612565445
1.0025 0.03375
1.0025 0.0335880829015544
1.0025 0.0334278350515464
1.0025 0.0332692307692308
1.0025 0.0331122448979592
1.0025 0.0329568527918782
1.0025 0.0328030303030303
1.0025 0.0326507537688442
1.0025 0.0325
1.0025 0.0323507462686567
1.0025 0.0322029702970297
1.0025 0.0320566502463054
1.0025 0.0319117647058824
1.0025 0.0317682926829268
1.0025 0.031626213592233
1.0025 0.0314855072463768
1.0025 0.0313461538461539
1.0025 0.0312081339712919
1.0025 0.0310714285714286
1.0025 0.030936018957346
1.0025 0.0308018867924528
1.0025 0.030669014084507
1.0025 0.0305373831775701
1.0025 0.030406976744186
1.0025 0.0302777777777778
1.0025 0.0301497695852535
1.0025 0.0300229357798165
1.0025 0.0298972602739726
1.0025 0.0297727272727273
1.0025 0.0296493212669683
1.0025 0.029527027027027
1.0025 0.0294058295964126
1.0025 0.0292857142857143
1.0025 0.0291666666666667
1.0025 0.0290486725663717
1.0025 0.028931718061674
1.0025 0.0288157894736842
1.0025 0.0287008733624454
1.0025 0.0285869565217391
1.0025 0.028474025974026
1.0025 0.0283620689655172
1.0025 0.0282510729613734
1.0025 0.0281410256410256
1.0025 0.028031914893617
1.0025 0.0279237288135593
1.0025 0.0278164556962025
1.0025 0.0277100840336134
1.0025 0.0276046025104603
1.0025 0.0275
1.0025 0.027396265560166
1.0025 0.0272933884297521
1.0025 0.0271913580246914
1.0025 0.0270901639344262
1.0025 0.0269897959183673
1.0025 0.026890243902439
1.0025 0.0267914979757085
1.0025 0.0266935483870968
1.0025 0.0265963855421687
1.0025 0.0265
1.0025 0.0264043824701195
1.0025 0.0263095238095238
1.0025 0.0262154150197628
1.0025 0.0261220472440945
1.0025 0.0260294117647059
1.0025 0.0259375
1.0025 0.0258463035019455
1.0025 0.0257558139534884
1.0025 0.0256660231660232
1.0025 0.0255769230769231
1.0025 0.0254885057471264
1.0025 0.0254007633587786
1.0025 0.0253136882129278
1.0025 0.0252272727272727
1.0025 0.0251415094339623
1.0025 0.0250563909774436
1.0025 0.0249719101123596
1.0025 0.0248880597014925
1.0025 0.0248048327137546
1.0025 0.0247222222222222
1.0025 0.024640221402214
1.0025 0.0245588235294118
1.0025 0.024478021978022
1.0025 0.0243978102189781
1.0025 0.0243181818181818
1.0025 0.0242391304347826
1.0025 0.0241606498194946
1.0025 0.0240827338129496
1.0025 0.024005376344086
1.0025 0.0239285714285714
1.0025 0.0238523131672598
1.0025 0.0237765957446809
1.0025 0.0237014134275618
1.0025 0.0236267605633803
1.0025 0.0235526315789474
1.0025 0.023479020979021
1.0025 0.0234059233449477
1.0025 0.0233333333333333
1.0025 0.0232612456747405
1.0025 0.0231896551724138
1.0025 0.0231185567010309
1.0025 0.0230479452054795
1.0025 0.0229778156996587
1.0025 0.0229081632653061
1.0025 0.0228389830508475
1.0025 0.0227702702702703
1.0025 0.0227020202020202
1.0025 0.0226342281879195
1.0025 0.022566889632107
1.0025 0.0225
1.0025 0.0224335548172757
1.0025 0.0223675496688742
1.0025 0.0223019801980198
1.0025 0.0222368421052632
1.0025 0.022172131147541
1.0025 0.0221078431372549
1.0025 0.0220439739413681
1.0025 0.0219805194805195
1.0025 0.0219174757281553
1.0025 0.0218548387096774
1.0025 0.0217926045016077
1.0025 0.0217307692307692
1.0025 0.0216693290734824
1.0025 0.0216082802547771
1.0025 0.0215476190476191
1.0025 0.0214873417721519
1.0025 0.0214274447949527
1.0025 0.0213679245283019
1.0025 0.0213087774294671
1.0025 0.02125
1.0025 0.0211915887850467
1.0025 0.0211335403726708
1.0025 0.0210758513931889
1.0025 0.0210185185185185
1.0025 0.0209615384615385
1.0025 0.0209049079754601
1.0025 0.020848623853211
1.0025 0.0207926829268293
1.0025 0.0207370820668693
1.0025 0.0206818181818182
1.0025 0.0206268882175227
1.0025 0.0205722891566265
1.0025 0.020518018018018
1.0025 0.0204640718562874
1.0025 0.020410447761194
1.0025 0.0203571428571429
1.0025 0.0203041543026706
1.0025 0.0202514792899408
1.0025 0.0201991150442478
1.0025 0.0201470588235294
1.0025 0.0200953079178886
1.0025 0.0200438596491228
1.0025 0.0199927113702624
1.0025 0.0199418604651163
1.0025 0.0198913043478261
1.0025 0.0198410404624277
1.0025 0.0197910662824208
1.0025 0.0197413793103448
1.0025 0.0196919770773639
1.0025 0.0196428571428571
1.0025 0.0195940170940171
1.0025 0.0195454545454545
1.0025 0.0194971671388102
1.0025 0.0194491525423729
1.0025 0.0194014084507042
1.0025 0.0193539325842697
1.0025 0.0193067226890756
1.0025 0.0192597765363129
1.0025 0.0192130919220056
1.0025 0.0191666666666667
1.0025 0.0191204986149585
1.0025 0.0190745856353591
1.0025 0.0190289256198347
1.0025 0.0189835164835165
1.0025 0.0189383561643836
1.0025 0.0188934426229508
1.0025 0.0188487738419619
1.0025 0.018804347826087
1.0025 0.018760162601626
1.0025 0.0187162162162162
1.0025 0.0186725067385445
1.0025 0.0186290322580645
1.0025 0.0185857908847185
1.0025 0.0185427807486631
1.0025 0.0185
1.0025 0.0184574468085106
1.0025 0.0184151193633952
1.0025 0.0183730158730159
1.0025 0.0183311345646438
1.0025 0.0182894736842105
1.0025 0.018248031496063
1.0025 0.0182068062827225
1.0025 0.0181657963446475
1.0025 0.018125
1.0025 0.0180844155844156
1.0025 0.0180440414507772
1.0025 0.0180038759689923
1.0025 0.0179639175257732
1.0025 0.0179241645244216
1.0025 0.0178846153846154
1.0025 0.0178452685421995
1.0025 0.0178061224489796
1.0025 0.0177671755725191
1.0025 0.0177284263959391
1.0025 0.0176898734177215
1.0025 0.0176515151515152
1.0025 0.0176133501259446
1.0025 0.0175753768844221
1.0025 0.0175375939849624
1.0025 0.0175
1.0025 0.0174625935162095
1.0025 0.0174253731343284
1.0025 0.0173883374689826
1.0025 0.0173514851485149
1.0025 0.0173148148148148
1.0025 0.0172783251231527
1.0025 0.0172420147420147
1.0025 0.0172058823529412
1.0025 0.0171699266503667
1.0025 0.0171341463414634
1.0025 0.0170985401459854
1.0025 0.0170631067961165
1.0025 0.0170278450363196
1.0025 0.0169927536231884
1.0025 0.0169578313253012
1.0025 0.0169230769230769
1.0025 0.0168884892086331
1.0025 0.0168540669856459
1.0025 0.0168198090692124
1.0025 0.0167857142857143
1.0025 0.0167517814726841
1.0025 0.016718009478673
1.0025 0.0166843971631206
1.0025 0.0166509433962264
1.0025 0.0166176470588235


