-0.005 0.995
-0.005 0.995
0.12 0.995
0.245 0.995
0.37 0.995
0.495 0.995
0.62 0.995
0.745 0.995
0.745 0.852142857142857
0.745 0.745
0.745 0.661666666666667
0.745 0.595
0.745 0.540454545454545
0.745 0.495
0.745 0.456538461538462
0.745 0.423571428571429
0.745 0.395
0.745 0.37
0.745 0.347941176470588
0.745 0.328333333333333
0.745 0.328333333333333
0.745 0.328333333333333
0.87 0.328333333333333
0.87 0.313181818181818
0.87 0.299347826086957
0.87 0.286666666666667
0.87 0.275
0.87 0.264230769230769
0.87 0.254259259259259
0.87 0.245
0.87 0.236379310344828
0.87 0.228333333333333
0.87 0.220806451612903
0.87 0.21375
0.87 0.207121212121212
0.87 0.200882352941176
0.87 0.195
0.87 0.189444444444444
0.87 0.184189189189189
0.87 0.179210526315789
0.87 0.174487179487179
0.87 0.17
0.87 0.165731707317073
0.87 0.161666666666667
0.87 0.157790697674419
0.87 0.154090909090909
0.87 0.150555555555556
0.87 0.147173913043478
0.87 0.143936170212766
0.87 0.140833333333333
0.87 0.137857142857143
0.87 0.135
0.87 0.132931034482759
0.87 0.132931034482759
0.87 0.132931034482759
0.87 0.132931034482759
0.87 0.132931034482759
0.87 0.132931034482759
0.87 0.132931034482759
0.995 0.132931034482759
0.995 0.130593220338983
0.995 0.128333333333333
0.995 0.126147540983607
0.995 0.124032258064516
0.995 0.121984126984127
0.995 0.12
0.995 0.118076923076923
0.995 0.116212121212121
0.995 0.114402985074627
0.995 0.112647058823529
0.995 0.110942028985507
0.995 0.109285714285714
0.995 0.107676056338028
0.995 0.106111111111111
0.995 0.10458904109589
0.995 0.103108108108108
0.995 0.101666666666667
0.995 0.100263157894737
0.995 0.0988961038961039
0.995 0.0975641025641026
0.995 0.0962658227848101
0.995 0.095
0.995 0.0937654320987654
0.995 0.0925609756097561
0.995 0.0913855421686747
0.995 0.0902380952380952
0.995 0.0891176470588235
0.995 0.0880232558139535
0.995 0.0869540229885057
0.995 0.0859090909090909
0.995 0.0848876404494382
0.995 0.0838888888888889
0.995 0.0829120879120879
0.995 0.0819565217391304
0.995 0.0810215053763441
0.995 0.0801063829787234
0.995 0.0792105263157895
0.995 0.0783333333333333
0.995 0.0774742268041237
0.995 0.0766326530612245
0.995 0.0758080808080808
0.995 0.075
0.995 0.0742079207920792
0.995 0.0734313725490196
0.995 0.0726699029126213
0.995 0.0719230769230769
0.995 0.0711904761904762
0.995 0.0704716981132075
0.995 0.0697663551401869
0.995 0.0690740740740741
0.995 0.068394495412844
0.995 0.0677272727272727
0.995 0.0670720720720721
0.995 0.0664285714285714
0.995 0.0657964601769911
0.995 0.0651754385964912
0.995 0.0645652173913043
0.995 0.0639655172413793
0.995 0.0633760683760684
0.995 0.0627966101694915
0.995 0.0622268907563025
0.995 0.0616666666666667
0.995 0.0611157024793388
0.995 0.0605737704918033
0.995 0.0600406504065041
0.995 0.0595161290322581
0.995 0.059
0.995 0.0584920634920635
0.995 0.057992125984252
0.995 0.0575
0.995 0.057015503875969
0.995 0.0565384615384615
0.995 0.0560687022900763
0.995 0.0556060606060606
0.995 0.0551503759398496
0.995 0.0547014925373134
0.995 0.0542592592592593
0.995 0.0538235294117647
0.995 0.0533941605839416
0.995 0.0529710144927536
0.995 0.0525539568345324
0.995 0.0521428571428571
0.995 0.0517375886524823
0.995 0.0513380281690141
0.995 0.0509440559440559
0.995 0.0505555555555556
0.995 0.0501724137931035
0.995 0.0497945205479452
0.995 0.049421768707483
0.995 0.0490540540540541
0.995 0.0486912751677852
0.995 0.0483333333333333
0.995 0.0479801324503311
0.995 0.0476315789473684
0.995 0.0472875816993464
0.995 0.046948051948052
0.995 0.0466129032258065
0.995 0.0462820512820513
0.995 0.0459554140127389
0.995 0.0456329113924051
0.995 0.045314465408805
0.995 0.045
0.995 0.0446894409937888
0.995 0.0443827160493827
0.995 0.044079754601227
0.995 0.0437804878048781
0.995 0.0434848484848485
0.995 0.0431927710843374
0.995 0.0429041916167665
0.995 0.0426190476190476
0.995 0.0423372781065089
0.995 0.0420588235294118
0.995 0.0417836257309942
0.995 0.0415116279069767
0.995 0.041242774566474
0.995 0.0409770114942529
0.995 0.0407142857142857
0.995 0.0404545454545455
0.995 0.0401977401129944
0.995 0.0399438202247191
0.995 0.0396927374301676
0.995 0.0394444444444444
0.995 0.0391988950276243
0.995 0.038956043956044
0.995 0.0387158469945355
0.995 0.0384782608695652
0.995 0.0382432432432432
0.995 0.038010752688172
0.995 0.0377807486631016
0.995 0.0375531914893617
0.995 0.0373280423280423
0.995 0.0371052631578947
0.995 0.0368848167539267
0.995 0.0366666666666667
0.995 0.0364507772020725
0.995 0.0362371134020619
0.995 0.036025641025641
0.995 0.0358163265306122
0.995 0.0356091370558376
0.995 0.0354040404040404
0.995 0.0352010050251256
0.995 0.035
0.995 0.0348009950248756
0.995 0.0346039603960396
0.995 0.0344088669950739
0.995 0.0342156862745098
0.995 0.0340243902439024
0.995 0.0338349514563107
0.995 0.0336473429951691
0.995 0.0334615384615385
0.995 0.0332775119617225
0.995 0.0330952380952381
0.995 0.032914691943128
0.995 0.0327358490566038
0.995 0.0325586854460094
0.995 0.0323831775700935
0.995 0.0322093023255814
0.995 0.032037037037037
0.995 0.0318663594470046
0.995 0.031697247706422
0.995 0.0315296803652968
0.995 0.0313636363636364
0.995 0.0311990950226244
0.995 0.031036036036036
0.995 0.0308744394618834
0.995 0.0307142857142857
0.995 0.0305555555555556
0.995 0.0303982300884956
0.995 0.0302422907488987
0.995 0.0300877192982456
0.995 0.0299344978165939
0.995 0.0297826086956522
0.995 0.0296320346320346
0.995 0.0294827586206897
0.995 0.0293347639484979
0.995 0.0291880341880342
0.995 0.0290425531914894
0.995 0.0288983050847458
0.995 0.0287552742616034
0.995 0.0286134453781513
0.995 0.0284728033472803
0.995 0.0283333333333333
0.995 0.028195020746888
0.995 0.0280578512396694
0.995 0.0279218106995885
0.995 0.0277868852459016
0.995 0.0276530612244898
0.995 0.027520325203252
0.995 0.0273886639676113
0.995 0.027258064516129
0.995 0.0271285140562249
0.995 0.027
0.995 0.0268725099601594
0.995 0.0267460317460317
0.995 0.0266205533596838
0.995 0.026496062992126
0.995 0.0263725490196078
0.995 0.02625
0.995 0.0261284046692607
0.995 0.0260077519379845
0.995 0.0258880308880309
0.995 0.0257692307692308
0.995 0.0256513409961686
0.995 0.0255343511450382
0.995 0.0254182509505703
0.995 0.0253030303030303
0.995 0.025188679245283
0.995 0.0250751879699248
0.995 0.0249625468164794
0.995 0.0248507462686567
0.995 0.0247397769516729
0.995 0.0246296296296296
0.995 0.024520295202952
0.995 0.0244117647058824
0.995 0.0243040293040293
0.995 0.0241970802919708
0.995 0.0240909090909091
0.995 0.0239855072463768
0.995 0.0238808664259928
0.995 0.0237769784172662
0.995 0.023673835125448
0.995 0.0235714285714286
0.995 0.0234697508896797
0.995 0.0233687943262411
0.995 0.0232685512367491
0.995 0.023169014084507
0.995 0.0230701754385965
0.995 0.022972027972028
0.995 0.0228745644599303
0.995 0.0227777777777778
0.995 0.022681660899654
0.995 0.0225862068965517
0.995 0.0224914089347079
0.995 0.0223972602739726
0.995 0.0223037542662116
0.995 0.0222108843537415
0.995 0.0221186440677966
0.995 0.022027027027027
0.995 0.0219360269360269
0.995 0.0218456375838926
0.995 0.0217558528428094
0.995 0.0216666666666667
0.995 0.021578073089701
0.995 0.0214900662251656
0.995 0.0214026402640264
0.995 0.0213157894736842
0.995 0.0212295081967213
0.995 0.0211437908496732
0.995 0.0210586319218241
0.995 0.020974025974026
0.995 0.0208899676375405
0.995 0.0208064516129032
0.995 0.0207234726688103
0.995 0.0206410256410256
0.995 0.0205591054313099
0.995 0.0204777070063694
0.995 0.0203968253968254
0.995 0.0203164556962025
0.995 0.0202365930599369
0.995 0.0201572327044025
0.995 0.0200783699059561
0.995 0.02
0.995 0.0199221183800623
0.995 0.0198447204968944
0.995 0.0197678018575851
0.995 0.0196913580246914
0.995 0.0196153846153846
0.995 0.0195398773006135
0.995 0.0194648318042813
0.995 0.019390243902439
0.995 0.0193161094224924
0.995 0.0192424242424242
0.995 0.0191691842900302
0.995 0.0190963855421687
0.995 0.019024024024024
0.995 0.0189520958083832
0.995 0.0188805970149254
0.995 0.0188095238095238
0.995 0.0187388724035608
0.995 0.0186686390532544
0.995 0.0185988200589971
0.995 0.0185294117647059
0.995 0.0184604105571848
0.995 0.0183918128654971
0.995 0.0183236151603499
0.995 0.0182558139534884
0.995 0.0181884057971015
0.995 0.018121387283237
0.995 0.0180547550432277
0.995 0.0179885057471264
0.995 0.0179226361031519
0.995 0.0178571428571429
0.995 0.0177920227920228
0.995 0.0177272727272727
0.995 0.0176628895184136
0.995 0.0175988700564972
0.995 0.0175352112676056
0.995 0.0174719101123596
0.995 0.0174089635854342
0.995 0.0173463687150838
0.995 0.0172841225626741
0.995 0.0172222222222222
0.995 0.0171606648199446
0.995 0.0170994475138122
0.995 0.017038567493113
0.995 0.016978021978022
0.995 0.0169178082191781
0.995 0.0168579234972678
0.995 0.0167983651226158
0.995 0.0167391304347826
0.995 0.016680216802168
0.995 0.0166216216216216
0.995 0.0165633423180593
0.995 0.016505376344086
0.995 0.0164477211796247
0.995 0.0163903743315508
0.995 0.0163333333333333
0.995 0.0162765957446809
0.995 0.0162201591511936
0.995 0.0161640211640212
0.995 0.0161081794195251
0.995 0.0160526315789474
0.995 0.015997375328084
0.995 0.0159424083769634
0.995 0.01588772845953
0.995 0.0158333333333333
0.995 0.0157792207792208
0.995 0.0157253886010363
0.995 0.015671834625323
0.995 0.0156185567010309
0.995 0.0155655526992288
0.995 0.0155128205128205
0.995 0.015460358056266
0.995 0.0154081632653061
0.995 0.0153562340966921
0.995 0.0153045685279188
0.995 0.015253164556962
0.995 0.0152020202020202
0.995 0.0151511335012594
0.995 0.0151005025125628
0.995 0.0150501253132832
0.995 0.015
0.995 0.0149501246882793
0.995 0.0149004975124378
0.995 0.0148511166253102
0.995 0.0148019801980198
0.995 0.0147530864197531
0.995 0.0147044334975369
0.995 0.0146560196560197
0.995 0.0146078431372549
0.995 0.014559902200489
0.995 0.0145121951219512
0.995 0.0144647201946472
0.995 0.0144174757281553
0.995 0.0143704600484262
0.995 0.0143236714975845
0.995 0.0142771084337349
0.995 0.0142307692307692
0.995 0.0141846522781775
0.995 0.0141387559808612
0.995 0.0140930787589499
0.995 0.0140476190476191
0.995 0.0140023752969121
0.995 0.013957345971564
0.995 0.0139125295508274
0.995 0.0138679245283019
0.995 0.0138235294117647


-0.0025 0.9975
-0.0025 0.9975
0.1225 0.9975
0.2475 0.9975
0.3725 0.9975
0.4975 0.9975
0.6225 0.9975
0.7475 0.9975
0.7475 0.854642857142857
0.7475 0.7475
0.7475 0.664166666666667
0.7475 0.5975
0.7475 0.542954545454545
0.7475 0.4975
0.7475 0.459038461538462
0.7475 0.426071428571429
0.7475 0.3975
0.7475 0.3725
0.7475 0.350441176470588
0.7475 0.330833333333333
0.7475 0.315681818181818
0.7475 0.315681818181818
0.7475 0.315681818181818
0.8725 0.315681818181818
0.8725 0.301847826086957
0.8725 0.289166666666667
0.8725 0.2775
0.8725 0.266730769230769
0.8725 0.256759259259259
0.8725 0.2475
0.8725 0.238879310344828
0.8725 0.230833333333333
0.8725 0.223306451612903
0.8725 0.21625
0.8725 0.209621212121212
0.8725 0.203382352941176
0.8725 0.1975
0.8725 0.191944444444444
0.8725 0.186689189189189
0.8725 0.181710526315789
0.8725 0.179318181818182
0.8725 0.179318181818182
0.8725 0.179318181818182
0.8725 0.179318181818182
0.8725 0.179318181818182
0.9975 0.179318181818182
0.9975 0.175277777777778
0.9975 0.171413043478261
0.9975 0.167712765957447
0.9975 0.164166666666667
0.9975 0.160765306122449
0.9975 0.1575
0.9975 0.154362745098039
0.9975 0.151346153846154
0.9975 0.148443396226415
0.9975 0.145648148148148
0.9975 0.142954545454545
0.9975 0.140357142857143
0.9975 0.137850877192982
0.9975 0.135431034482759
0.9975 0.133093220338983
0.9975 0.130833333333333
0.9975 0.128647540983607
0.9975 0.126532258064516
0.9975 0.124484126984127
0.9975 0.1225
0.9975 0.120576923076923
0.9975 0.118712121212121
0.9975 0.116902985074627
0.9975 0.115147058823529
0.9975 0.113442028985507
0.9975 0.111785714285714
0.9975 0.110176056338028
0.9975 0.108611111111111
0.9975 0.10708904109589
0.9975 0.105608108108108
0.9975 0.104166666666667
0.9975 0.102763157894737
0.9975 0.101396103896104
0.9975 0.100064102564103
0.9975 0.0987658227848101
0.9975 0.0975
0.9975 0.0962654320987654
0.9975 0.0950609756097561
0.9975 0.0938855421686747
0.9975 0.0927380952380952
0.9975 0.0916176470588235
0.9975 0.0905232558139535
0.9975 0.0894540229885057
0.9975 0.0884090909090909
0.9975 0.0873876404494382
0.9975 0.0863888888888889
0.9975 0.0854120879120879
0.9975 0.0844565217391304
0.9975 0.0835215053763441
0.9975 0.0826063829787234
0.9975 0.0817105263157895
0.9975 0.0808333333333333
0.9975 0.0799742268041237
0.9975 0.0791326530612245
0.9975 0.0783080808080808
0.9975 0.0775
0.9975 0.0767079207920792
0.9975 0.0759313725490196
0.9975 0.0751699029126214
0.9975 0.0744230769230769
0.9975 0.0736904761904762
0.9975 0.0729716981132075
0.9975 0.0722663551401869
0.9975 0.0715740740740741
0.9975 0.070894495412844
0.9975 0.0702272727272727
0.9975 0.0695720720720721
0.9975 0.0689285714285714
0.9975 0.0682964601769911
0.9975 0.0676754385964912
0.9975 0.0670652173913043
0.9975 0.0664655172413793
0.9975 0.0658760683760684
0.9975 0.0652966101694915
0.9975 0.0647268907563025
0.9975 0.0641666666666667
0.9975 0.0636157024793388
0.9975 0.0630737704918033
0.9975 0.0625406504065041
0.9975 0.0620161290322581
0.9975 0.0615
0.9975 0.0609920634920635
0.9975 0.060492125984252
0.9975 0.06
0.9975 0.059515503875969
0.9975 0.0590384615384615
0.9975 0.0585687022900763
0.9975 0.0581060606060606
0.9975 0.0576503759398496
0.9975 0.0572014925373134
0.9975 0.0567592592592593
0.9975 0.0563235294117647
0.9975 0.0558941605839416
0.9975 0.0554710144927536
0.9975 0.0550539568345324
0.9975 0.0546428571428571
0.9975 0.0542375886524823
0.9975 0.0538380281690141
0.9975 0.0534440559440559
0.9975 0.0530555555555556
0.9975 0.0526724137931034
0.9975 0.0522945205479452
0.9975 0.051921768707483
0.9975 0.0515540540540541
0.9975 0.0511912751677852
0.9975 0.0508333333333333
0.9975 0.0504801324503311
0.9975 0.0501315789473684
0.9975 0.0497875816993464
0.9975 0.0494480519480519
0.9975 0.0491129032258064
0.9975 0.0487820512820513
0.9975 0.0484554140127389
0.9975 0.0481329113924051
0.9975 0.047814465408805
0.9975 0.0475
0.9975 0.0471894409937888
0.9975 0.0468827160493827
0.9975 0.046579754601227
0.9975 0.046280487804878
0.9975 0.0459848484848485
0.9975 0.0456927710843374
0.9975 0.0454041916167665
0.9975 0.0451190476190476
0.9975 0.0448372781065089
0.9975 0.0445588235294118
0.9975 0.0442836257309941
0.9975 0.0440116279069767
0.9975 0.043742774566474
0.9975 0.0434770114942529
0.9975 0.0432142857142857
0.9975 0.0429545454545455
0.9975 0.0426977401129943
0.9975 0.0424438202247191
0.9975 0.0421927374301676
0.9975 0.0419444444444444
0.9975 0.0416988950276243
0.9975 0.041456043956044
0.9975 0.0412158469945355
0.9975 0.0409782608695652
0.9975 0.0407432432432432
0.9975 0.040510752688172
0.9975 0.0402807486631016
0.9975 0.0400531914893617
0.9975 0.0398280423280423
0.9975 0.0396052631578947
0.9975 0.0393848167539267
0.9975 0.0391666666666667
0.9975 0.0389507772020725
0.9975 0.0387371134020619
0.9975 0.038525641025641
0.9975 0.0383163265306122
0.9975 0.0381091370558376
0.9975 0.0379040404040404
0.9975 0.0377010050251256
0.9975 0.0375
0.9975 0.0373009950248756
0.9975 0.0371039603960396
0.9975 0.0369088669950739
0.9975 0.0367156862745098
0.9975 0.0365243902439024
0.9975 0.0363349514563107
0.9975 0.0361473429951691
0.9975 0.0359615384615385
0.9975 0.0357775119617225
0.9975 0.0355952380952381
0.9975 0.035414691943128
0.9975 0.0352358490566038
0.9975 0.0350586854460094
0.9975 0.0348831775700935
0.9975 0.0347093023255814
0.9975 0.034537037037037
0.9975 0.0343663594470046
0.9975 0.034197247706422
0.9975 0.0340296803652968
0.9975 0.0338636363636364
0.9975 0.0336990950226244
0.9975 0.033536036036036
0.9975 0.0333744394618834
0.9975 0.0332142857142857
0.9975 0.0330555555555556
0.9975 0.0328982300884956
0.9975 0.0327422907488987
0.9975 0.0325877192982456
0.9975 0.0324344978165939
0.9975 0.0322826086956522
0.9975 0.0321320346320346
0.9975 0.0319827586206897
0.9975 0.0318347639484979
0.9975 0.0316880341880342
0.9975 0.0315425531914894
0.9975 0.0313983050847458
0.9975 0.0312552742616034
0.9975 0.0311134453781513
0.9975 0.0309728033472803
0.9975 0.0308333333333333
0.9975 0.030695020746888
0.9975 0.0305578512396694
0.9975 0.0304218106995885
0.9975 0.0302868852459016
0.9975 0.0301530612244898
0.9975 0.030020325203252
0.9975 0.0298886639676113
0.9975 0.029758064516129
0.9975 0.0296285140562249
0.9975 0.0295
0.9975 0.0293725099601594
0.9975 0.0292460317460317
0.9975 0.0291205533596838
0.9975 0.028996062992126
0.9975 0.0288725490196078
0.9975 0.02875
0.9975 0.0286284046692607
0.9975 0.0285077519379845
0.9975 0.0283880308880309
0.9975 0.0282692307692308
0.9975 0.0281513409961686
0.9975 0.0280343511450382
0.9975 0.0279182509505703
0.9975 0.0278030303030303
0.9975 0.027688679245283
0.9975 0.0275751879699248
0.9975 0.0274625468164794
0.9975 0.0273507462686567
0.9975 0.0272397769516729
0.9975 0.0271296296296296
0.9975 0.027020295202952
0.9975 0.0269117647058824
0.9975 0.0268040293040293
0.9975 0.0266970802919708
0.9975 0.0265909090909091
0.9975 0.0264855072463768
0.9975 0.0263808664259928
0.9975 0.0262769784172662
0.9975 0.026173835125448
0.9975 0.0260714285714286
0.9975 0.0259697508896797
0.9975 0.0258687943262411
0.9975 0.0257685512367491
0.9975 0.025669014084507
0.9975 0.0255701754385965
0.9975 0.025472027972028
0.9975 0.0253745644599303
0.9975 0.0252777777777778
0.9975 0.025181660899654
0.9975 0.0250862068965517
0.9975 0.0249914089347079
0.9975 0.0248972602739726
0.9975 0.0248037542662116
0.9975 0.0247108843537415
0.9975 0.0246186440677966
0.9975 0.024527027027027
0.9975 0.0244360269360269
0.9975 0.0243456375838926
0.9975 0.0242558528428094
0.9975 0.0241666666666667
0.9975 0.024078073089701
0.9975 0.0239900662251656
0.9975 0.0239026402640264
0.9975 0.0238157894736842
0.9975 0.0237295081967213
0.9975 0.0236437908496732
0.9975 0.0235586319218241
0.9975 0.023474025974026
0.9975 0.0233899676375405
0.9975 0.0233064516129032
0.9975 0.0232234726688103
0.9975 0.0231410256410256
0.9975 0.0230591054313099
0.9975 0.0229777070063694
0.9975 0.0228968253968254
0.9975 0.0228164556962025
0.9975 0.0227365930599369
0.9975 0.0226572327044025
0.9975 0.0225783699059561
0.9975 0.0225
0.9975 0.0224221183800623
0.9975 0.0223447204968944
0.9975 0.0222678018575851
0.9975 0.0221913580246914
0.9975 0.0221153846153846
0.9975 0.0220398773006135
0.9975 0.0219648318042813
0.9975 0.021890243902439
0.9975 0.0218161094224924
0.9975 0.0217424242424242
0.9975 0.0216691842900302
0.9975 0.0215963855421687
0.9975 0.021524024024024
0.9975 0.0214520958083832
0.9975 0.0213805970149254
0.9975 0.0213095238095238
0.9975 0.0212388724035608
0.9975 0.0211686390532544
0.9975 0.0210988200589971
0.9975 0.0210294117647059
0.9975 0.0209604105571848
0.9975 0.0208918128654971
0.9975 0.0208236151603499
0.9975 0.0207558139534884
0.9975 0.0206884057971015
0.9975 0.020621387283237
0.9975 0.0205547550432277
0.9975 0.0204885057471264
0.9975 0.0204226361031519
0.9975 0.0203571428571429
0.9975 0.0202920227920228
0.9975 0.0202272727272727
0.9975 0.0201628895184136
0.9975 0.0200988700564972
0.9975 0.0200352112676056
0.9975 0.0199719101123596
0.9975 0.0199089635854342
0.9975 0.0198463687150838
0.9975 0.0197841225626741
0.9975 0.0197222222222222
0.9975 0.0196606648199446
0.9975 0.0195994475138122
0.9975 0.019538567493113
0.9975 0.019478021978022
0.9975 0.0194178082191781
0.9975 0.0193579234972678
0.9975 0.0192983651226158
0.9975 0.0192391304347826
0.9975 0.019180216802168
0.9975 0.0191216216216216
0.9975 0.0190633423180593
0.9975 0.019005376344086
0.9975 0.0189477211796247
0.9975 0.0188903743315508
0.9975 0.0188333333333333
0.9975 0.0187765957446809
0.9975 0.0187201591511936
0.9975 0.0186640211640212
0.9975 0.0186081794195251
0.9975 0.0185526315789474
0.9975 0.018497375328084
0.9975 0.0184424083769634
0.9975 0.01838772845953
0.9975 0.0183333333333333
0.9975 0.0182792207792208
0.9975 0.0182253886010363
0.9975 0.018171834625323
0.9975 0.0181185567010309
0.9975 0.0180655526992288
0.9975 0.0180128205128205
0.9975 0.017960358056266
0.9975 0.0179081632653061
0.9975 0.0178562340966921
0.9975 0.0178045685279188
0.9975 0.017753164556962
0.9975 0.0177020202020202
0.9975 0.0176511335012594
0.9975 0.0176005025125628
0.9975 0.0175501253132832
0.9975 0.0175
0.9975 0.0174501246882793
0.9975 0.0174004975124378
0.9975 0.0173511166253102
0.9975 0.0173019801980198
0.9975 0.0172530864197531
0.9975 0.0172044334975369
0.9975 0.0171560196560197
0.9975 0.0171078431372549
0.9975 0.017059902200489
0.9975 0.0170121951219512
0.9975 0.0169647201946472
0.9975 0.0169174757281553
0.9975 0.0168704600484262
0.9975 0.0168236714975845
0.9975 0.0167771084337349
0.9975 0.0167307692307692
0.9975 0.0166846522781775
0.9975 0.0166387559808612
0.9975 0.0165930787589499
0.9975 0.0165476190476191
0.9975 0.0165023752969121
0.9975 0.016457345971564
0.9975 0.0164125295508274
0.9975 0.0163679245283019
0.9975 0.0163235294117647


8.67361737988404E-19 1
8.67361737988404E-19 1
0.125 1
0.25 1
0.375 1
0.5 1
0.625 1
0.75 1
0.75 0.857142857142857
0.75 0.75
0.75 0.666666666666667
0.75 0.6
0.75 0.545454545454545
0.75 0.5
0.75 0.461538461538462
0.75 0.428571428571429
0.75 0.4
0.75 0.375
0.75 0.352941176470588
0.75 0.333333333333333
0.75 0.333333333333333
0.75 0.333333333333333
0.875 0.333333333333333
0.875 0.318181818181818
0.875 0.304347826086957
0.875 0.291666666666667
0.875 0.28
0.875 0.269230769230769
0.875 0.259259259259259
0.875 0.25
0.875 0.241379310344828
0.875 0.233333333333333
0.875 0.225806451612903
0.875 0.21875
0.875 0.212121212121212
0.875 0.205882352941176
0.875 0.2
0.875 0.194444444444444
0.875 0.189189189189189
0.875 0.184210526315789
0.875 0.179487179487179
0.875 0.175
0.875 0.170731707317073
0.875 0.166666666666667
0.875 0.162790697674419
0.875 0.159090909090909
0.875 0.155555555555556
0.875 0.152173913043478
0.875 0.148936170212766
0.875 0.145833333333333
0.875 0.142857142857143
0.875 0.14
0.875 0.137931034482759
0.875 0.137931034482759
0.875 0.137931034482759
0.875 0.137931034482759
0.875 0.137931034482759
0.875 0.137931034482759
0.875 0.137931034482759
1 0.137931034482759
1 0.135593220338983
1 0.133333333333333
1 0.131147540983607
1 0.129032258064516
1 0.126984126984127
1 0.125
1 0.123076923076923
1 0.121212121212121
1 0.119402985074627
1 0.117647058823529
1 0.115942028985507
1 0.114285714285714
1 0.112676056338028
1 0.111111111111111
1 0.10958904109589
1 0.108108108108108
1 0.106666666666667
1 0.105263157894737
1 0.103896103896104
1 0.102564102564103
1 0.10126582278481
1 0.1
1 0.0987654320987654
1 0.0975609756097561
1 0.0963855421686747
1 0.0952380952380952
1 0.0941176470588235
1 0.0930232558139535
1 0.0919540229885057
1 0.0909090909090909
1 0.0898876404494382
1 0.0888888888888889
1 0.0879120879120879
1 0.0869565217391304
1 0.0860215053763441
1 0.0851063829787234
1 0.0842105263157895
1 0.0833333333333333
1 0.0824742268041237
1 0.0816326530612245
1 0.0808080808080808
1 0.08
1 0.0792079207920792
1 0.0784313725490196
1 0.0776699029126214
1 0.0769230769230769
1 0.0761904761904762
1 0.0754716981132075
1 0.0747663551401869
1 0.0740740740740741
1 0.073394495412844
1 0.0727272727272727
1 0.0720720720720721
1 0.0714285714285714
1 0.0707964601769911
1 0.0701754385964912
1 0.0695652173913043
1 0.0689655172413793
1 0.0683760683760684
1 0.0677966101694915
1 0.0672268907563025
1 0.0666666666666667
1 0.0661157024793388
1 0.0655737704918033
1 0.0650406504065041
1 0.0645161290322581
1 0.064
1 0.0634920634920635
1 0.062992125984252
1 0.0625
1 0.062015503875969
1 0.0615384615384615
1 0.0610687022900763
1 0.0606060606060606
1 0.0601503759398496
1 0.0597014925373134
1 0.0592592592592593
1 0.0588235294117647
1 0.0583941605839416
1 0.0579710144927536
1 0.0575539568345324
1 0.0571428571428571
1 0.0567375886524823
1 0.0563380281690141
1 0.0559440559440559
1 0.0555555555555556
1 0.0551724137931034
1 0.0547945205479452
1 0.054421768707483
1 0.0540540540540541
1 0.0536912751677852
1 0.0533333333333333
1 0.0529801324503311
1 0.0526315789473684
1 0.0522875816993464
1 0.051948051948052
1 0.0516129032258065
1 0.0512820512820513
1 0.0509554140127389
1 0.0506329113924051
1 0.050314465408805
1 0.05
1 0.0496894409937888
1 0.0493827160493827
1 0.049079754601227
1 0.0487804878048781
1 0.0484848484848485
1 0.0481927710843374
1 0.0479041916167665
1 0.0476190476190476
1 0.0473372781065089
1 0.0470588235294118
1 0.0467836257309941
1 0.0465116279069767
1 0.046242774566474
1 0.0459770114942529
1 0.0457142857142857
1 0.0454545454545455
1 0.0451977401129944
1 0.0449438202247191
1 0.0446927374301676
1 0.0444444444444444
1 0.0441988950276243
1 0.043956043956044
1 0.0437158469945355
1 0.0434782608695652
1 0.0432432432432432
1 0.043010752688172
1 0.0427807486631016
1 0.0425531914893617
1 0.0423280423280423
1 0.0421052631578947
1 0.0418848167539267
1 0.0416666666666667
1 0.0414507772020725
1 0.0412371134020619
1 0.041025641025641
1 0.0408163265306122
1 0.0406091370558376
1 0.0404040404040404
1 0.0402010050251256
1 0.04
1 0.0398009950248756
1 0.0396039603960396
1 0.0394088669950739
1 0.0392156862745098
1 0.0390243902439024
1 0.0388349514563107
1 0.0386473429951691
1 0.0384615384615385
1 0.0382775119617225
1 0.0380952380952381
1 0.037914691943128
1 0.0377358490566038
1 0.0375586854460094
1 0.0373831775700935
1 0.0372093023255814
1 0.037037037037037
1 0.0368663594470046
1 0.036697247706422
1 0.0365296803652968
1 0.0363636363636364
1 0.0361990950226244
1 0.036036036036036
1 0.0358744394618834
1 0.0357142857142857
1 0.0355555555555556
1 0.0353982300884956
1 0.0352422907488987
1 0.0350877192982456
1 0.0349344978165939
1 0.0347826086956522
1 0.0346320346320346
1 0.0344827586206897
1 0.0343347639484979
1 0.0341880341880342
1 0.0340425531914894
1 0.0338983050847458
1 0.0337552742616034
1 0.0336134453781513
1 0.0334728033472803
1 0.0333333333333333
1 0.033195020746888
1 0.0330578512396694
1 0.0329218106995885
1 0.0327868852459016
1 0.0326530612244898
1 0.032520325203252
1 0.0323886639676113
1 0.032258064516129
1 0.0321285140562249
1 0.032
1 0.0318725099601594
1 0.0317460317460317
1 0.0316205533596838
1 0.031496062992126
1 0.0313725490196078
1 0.03125
1 0.0311284046692607
1 0.0310077519379845
1 0.0308880308880309
1 0.0307692307692308
1 0.0306513409961686
1 0.0305343511450382
1 0.0304182509505703
1 0.0303030303030303
1 0.030188679245283
1 0.0300751879699248
1 0.0299625468164794
1 0.0298507462686567
1 0.0297397769516729
1 0.0296296296296296
1 0.029520295202952
1 0.0294117647058824
1 0.0293040293040293
1 0.0291970802919708
1 0.0290909090909091
1 0.0289855072463768
1 0.0288808664259928
1 0.0287769784172662
1 0.028673835125448
1 0.0285714285714286
1 0.0284697508896797
1 0.0283687943262411
1 0.0282685512367491
1 0.028169014084507
1 0.0280701754385965
1 0.027972027972028
1 0.0278745644599303
1 0.0277777777777778
1 0.027681660899654
1 0.0275862068965517
1 0.0274914089347079
1 0.0273972602739726
1 0.0273037542662116
1 0.0272108843537415
1 0.0271186440677966
1 0.027027027027027
1 0.0269360269360269
1 0.0268456375838926
1 0.0267558528428094
1 0.0266666666666667
1 0.026578073089701
1 0.0264900662251656
1 0.0264026402640264
1 0.0263157894736842
1 0.0262295081967213
1 0.0261437908496732
1 0.0260586319218241
1 0.025974025974026
1 0.0258899676375405
1 0.0258064516129032
1 0.0257234726688103
1 0.0256410256410256
1 0.0255591054313099
1 0.0254777070063694
1 0.0253968253968254
1 0.0253164556962025
1 0.0252365930599369
1 0.0251572327044025
1 0.0250783699059561
1 0.025
1 0.0249221183800623
1 0.0248447204968944
1 0.0247678018575851
1 0.0246913580246914
1 0.0246153846153846
1 0.0245398773006135
1 0.0244648318042813
1 0.024390243902439
1 0.0243161094224924
1 0.0242424242424242
1 0.0241691842900302
1 0.0240963855421687
1 0.024024024024024
1 0.0239520958083832
1 0.0238805970149254
1 0.0238095238095238
1 0.0237388724035608
1 0.0236686390532544
1 0.0235988200589971
1 0.0235294117647059
1 0.0234604105571848
1 0.0233918128654971
1 0.0233236151603499
1 0.0232558139534884
1 0.0231884057971015
1 0.023121387283237
1 0.0230547550432277
1 0.0229885057471264
1 0.0229226361031519
1 0.0228571428571429
1 0.0227920227920228
1 0.0227272727272727
1 0.0226628895184136
1 0.0225988700564972
1 0.0225352112676056
1 0.0224719101123596
1 0.0224089635854342
1 0.0223463687150838
1 0.0222841225626741
1 0.0222222222222222
1 0.0221606648199446
1 0.0220994475138122
1 0.0220385674931129
1 0.021978021978022
1 0.0219178082191781
1 0.0218579234972678
1 0.0217983651226158
1 0.0217391304347826
1 0.021680216802168
1 0.0216216216216216
1 0.0215633423180593
1 0.021505376344086
1 0.0214477211796247
1 0.0213903743315508
1 0.0213333333333333
1 0.0212765957446809
1 0.0212201591511936
1 0.0211640211640212
1 0.0211081794195251
1 0.0210526315789474
1 0.020997375328084
1 0.0209424083769634
1 0.02088772845953
1 0.0208333333333333
1 0.0207792207792208
1 0.0207253886010363
1 0.020671834625323
1 0.0206185567010309
1 0.0205655526992288
1 0.0205128205128205
1 0.020460358056266
1 0.0204081632653061
1 0.0203562340966921
1 0.0203045685279188
1 0.020253164556962
1 0.0202020202020202
1 0.0201511335012594
1 0.0201005025125628
1 0.0200501253132832
1 0.02
1 0.0199501246882793
1 0.0199004975124378
1 0.0198511166253102
1 0.0198019801980198
1 0.0197530864197531
1 0.0197044334975369
1 0.0196560196560197
1 0.0196078431372549
1 0.019559902200489
1 0.0195121951219512
1 0.0194647201946472
1 0.0194174757281553
1 0.0193704600484262
1 0.0193236714975845
1 0.0192771084337349
1 0.0192307692307692
1 0.0191846522781775
1 0.0191387559808612
1 0.0190930787589499
1 0.019047619047619
1 0.0190023752969121
1 0.018957345971564
1 0.0189125295508274
1 0.0188679245283019
1 0.0188235294117647


0.0025 1.0025
0.0025 1.0025
0.1275 1.0025
0.2525 1.0025
0.3775 1.0025
0.5025 1.0025
0.6275 1.0025
0.7525 1.0025
0.7525 0.859642857142857
0.7525 0.7525
0.7525 0.669166666666667
0.7525 0.6025
0.7525 0.547954545454545
0.7525 0.5025
0.7525 0.464038461538462
0.7525 0.431071428571429
0.7525 0.4025
0.7525 0.3775
0.7525 0.355441176470588
0.7525 0.335833333333333
0.7525 0.320681818181818
0.7525 0.320681818181818
0.7525 0.320681818181818
0.8775 0.320681818181818
0.8775 0.306847826086957
0.8775 0.294166666666667
0.8775 0.2825
0.8775 0.271730769230769
0.8775 0.261759259259259
0.8775 0.2525
0.8775 0.243879310344828
0.8775 0.235833333333333
0.8775 0.228306451612903
0.8775 0.22125
0.8775 0.214621212121212
0.8775 0.208382352941176
0.8775 0.2025
0.8775 0.196944444444444
0.8775 0.191689189189189
0.8775 0.186710526315789
0.8775 0.184318181818182
0.8775 0.184318181818182
0.8775 0.184318181818182
0.8775 0.184318181818182
0.8775 0.184318181818182
1.0025 0.184318181818182
1.0025 0.180277777777778
1.0025 0.176413043478261
1.0025 0.172712765957447
1.0025 0.169166666666667
1.0025 0.165765306122449
1.0025 0.1625
1.0025 0.159362745098039
1.0025 0.156346153846154
1.0025 0.153443396226415
1.0025 0.150648148148148
1.0025 0.147954545454545
1.0025 0.145357142857143
1.0025 0.142850877192982
1.0025 0.140431034482759
1.0025 0.138093220338983
1.0025 0.135833333333333
1.0025 0.133647540983607
1.0025 0.131532258064516
1.0025 0.129484126984127
1.0025 0.1275
1.0025 0.125576923076923
1.0025 0.123712121212121
1.0025 0.121902985074627
1.0025 0.120147058823529
1.0025 0.118442028985507
1.0025 0.116785714285714
1.0025 0.115176056338028
1.0025 0.113611111111111
1.0025 0.11208904109589
1.0025 0.110608108108108
1.0025 0.109166666666667
1.0025 0.107763157894737
1.0025 0.106396103896104
1.0025 0.105064102564103
1.0025 0.10376582278481
1.0025 0.1025
1.0025 0.101265432098765
1.0025 0.100060975609756
1.0025 0.0988855421686747
1.0025 0.0977380952380952
1.0025 0.0966176470588235
1.0025 0.0955232558139535
1.0025 0.0944540229885057
1.0025 0.0934090909090909
1.0025 0.0923876404494382
1.0025 0.0913888888888889
1.0025 0.0904120879120879
1.0025 0.0894565217391304
1.0025 0.0885215053763441
1.0025 0.0876063829787234
1.0025 0.0867105263157895
1.0025 0.0858333333333333
1.0025 0.0849742268041237
1.0025 0.0841326530612245
1.0025 0.0833080808080808
1.0025 0.0825
1.0025 0.0817079207920792
1.0025 0.0809313725490196
1.0025 0.0801699029126214
1.0025 0.0794230769230769
1.0025 0.0786904761904762
1.0025 0.0779716981132075
1.0025 0.0772663551401869
1.0025 0.0765740740740741
1.0025 0.075894495412844
1.0025 0.0752272727272727
1.0025 0.0745720720720721
1.0025 0.0739285714285714
1.0025 0.0732964601769912
1.0025 0.0726754385964912
1.0025 0.0720652173913044
1.0025 0.0714655172413793
1.0025 0.0708760683760684
1.0025 0.0702966101694915
1.0025 0.0697268907563025
1.0025 0.0691666666666667
1.0025 0.0686157024793388
1.0025 0.0680737704918033
1.0025 0.0675406504065041
1.0025 0.0670161290322581
1.0025 0.0665
1.0025 0.0659920634920635
1.0025 0.065492125984252
1.0025 0.065
1.0025 0.064515503875969
1.0025 0.0640384615384615
1.0025 0.0635687022900763
1.0025 0.0631060606060606
1.0025 0.0626503759398496
1.0025 0.0622014925373134
1.0025 0.0617592592592593
1.0025 0.0613235294117647
1.0025 0.0608941605839416
1.0025 0.0604710144927536
1.0025 0.0600539568345324
1.0025 0.0596428571428571
1.0025 0.0592375886524823
1.0025 0.0588380281690141
1.0025 0.0584440559440559
1.0025 0.0580555555555556
1.0025 0.0576724137931035
1.0025 0.0572945205479452
1.0025 0.056921768707483
1.0025 0.0565540540540541
1.0025 0.0561912751677852
1.0025 0.0558333333333333
1.0025 0.0554801324503311
1.0025 0.0551315789473684
1.0025 0.0547875816993464
1.0025 0.054448051948052
1.0025 0.0541129032258065
1.0025 0.0537820512820513
1.0025 0.0534554140127389
1.0025 0.0531329113924051
1.0025 0.052814465408805
1.0025 0.0525
1.0025 0.0521894409937888
1.0025 0.0518827160493827
1.0025 0.051579754601227
1.0025 0.0512804878048781
1.0025 0.0509848484848485
1.0025 0.0506927710843374
1.0025 0.0504041916167665
1.0025 0.0501190476190476
1.0025 0.0498372781065089
1.0025 0.0495588235294118
1.0025 0.0492836257309942
1.0025 0.0490116279069767
1.0025 0.048742774566474
1.0025 0.0484770114942529
1.0025 0.0482142857142857
1.0025 0.0479545454545455
1.0025 0.0476977401129944
1.0025 0.0474438202247191
1.0025 0.0471927374301676
1.0025 0.0469444444444444
1.0025 0.0466988950276243
1.0025 0.046456043956044
1.0025 0.0462158469945355
1.0025 0.0459782608695652
1.0025 0.0457432432432432
1.0025 0.045510752688172
1.0025 0.0452807486631016
1.0025 0.0450531914893617
1.0025 0.0448280423280423
1.0025 0.0446052631578947
1.0025 0.0443848167539267
1.0025 0.0441666666666667
1.0025 0.0439507772020725
1.0025 0.0437371134020619
1.0025 0.043525641025641
1.0025 0.0433163265306122
1.0025 0.0431091370558376
1.0025 0.0429040404040404
1.0025 0.0427010050251256
1.0025 0.0425
1.0025 0.0423009950248756
1.0025 0.0421039603960396
1.0025 0.0419088669950739
1.0025 0.0417156862745098
1.0025 0.0415243902439024
1.0025 0.0413349514563107
1.0025 0.0411473429951691
1.0025 0.0409615384615385
1.0025 0.0407775119617225
1.0025 0.0405952380952381
1.0025 0.040414691943128
1.0025 0.0402358490566038
1.0025 0.0400586854460094
1.0025 0.0398831775700935
1.0025 0.0397093023255814
1.0025 0.039537037037037
1.0025 0.0393663594470046
1.0025 0.039197247706422
1.0025 0.0390296803652968
1.0025 0.0388636363636364
1.0025 0.0386990950226244
1.0025 0.038536036036036
1.0025 0.0383744394618834
1.0025 0.0382142857142857
1.0025 0.0380555555555556
1.0025 0.0378982300884956
1.0025 0.0377422907488987
1.0025 0.0375877192982456
1.0025 0.0374344978165939
1.0025 0.0372826086956522
1.0025 0.0371320346320346
1.0025 0.0369827586206897
1.0025 0.0368347639484979
1.0025 0.0366880341880342
1.0025 0.0365425531914894
1.0025 0.0363983050847458
1.0025 0.0362552742616034
1.0025 0.0361134453781513
1.0025 0.0359728033472803
1.0025 0.0358333333333333
1.0025 0.035695020746888
1.0025 0.0355578512396694
1.0025 0.0354218106995885
1.0025 0.0352868852459016
1.0025 0.0351530612244898
1.0025 0.035020325203252
1.0025 0.0348886639676113
1.0025 0.034758064516129
1.0025 0.0346285140562249
1.0025 0.0345
1.0025 0.0343725099601594
1.0025 0.0342460317460317
1.0025 0.0341205533596838
1.0025 0.033996062992126
1.0025 0.0338725490196078
1.0025 0.03375
1.0025 0.0336284046692607
1.0025 0.0335077519379845
1.0025 0.0333880308880309
1.0025 0.0332692307692308
1.0025 0.0331513409961686
1.0025 0.0330343511450382
1.0025 0.0329182509505703
1.0025 0.0328030303030303
1.0025 0.032688679245283
1.0025 0.0325751879699248
1.0025 0.0324625468164794
1.0025 0.0323507462686567
1.0025 0.0322397769516729
1.0025 0.0321296296296296
1.0025 0.032020295202952
1.0025 0.0319117647058824
1.0025 0.0318040293040293
1.0025 0.0316970802919708
1.0025 0.0315909090909091
1.0025 0.0314855072463768
1.0025 0.0313808664259928
1.0025 0.0312769784172662
1.0025 0.031173835125448
1.0025 0.0310714285714286
1.0025 0.0309697508896797
1.0025 0.0308687943262411
1.0025 0.0307685512367491
1.0025 0.030669014084507
1.0025 0.0305701754385965
1.0025 0.030472027972028
1.0025 0.0303745644599303
1.0025 0.0302777777777778
1.0025 0.030181660899654
1.0025 0.0300862068965517
1.0025 0.0299914089347079
1.0025 0.0298972602739726
1.0025 0.0298037542662116
1.0025 0.0297108843537415
1.0025 0.0296186440677966
1.0025 0.029527027027027
1.0025 0.0294360269360269
1.0025 0.0293456375838926
1.0025 0.0292558528428094
1.0025 0.0291666666666667
1.0025 0.029078073089701
1.0025 0.0289900662251656
1.0025 0.0289026402640264
1.0025 0.0288157894736842
1.0025 0.0287295081967213
1.0025 0.0286437908496732
1.0025 0.0285586319218241
1.0025 0.028474025974026
1.0025 0.0283899676375405
1.0025 0.0283064516129032
1.0025 0.0282234726688103
1.0025 0.0281410256410256
1.0025 0.0280591054313099
1.0025 0.0279777070063694
1.0025 0.0278968253968254
1.0025 0.0278164556962025
1.0025 0.0277365930599369
1.0025 0.0276572327044025
1.0025 0.0275783699059561
1.0025 0.0275
1.0025 0.0274221183800623
1.0025 0.0273447204968944
1.0025 0.0272678018575851
1.0025 0.0271913580246914
1.0025 0.0271153846153846
1.0025 0.0270398773006135
1.0025 0.0269648318042813
1.0025 0.026890243902439
1.0025 0.0268161094224924
1.0025 0.0267424242424242
1.0025 0.0266691842900302
1.0025 0.0265963855421687
1.0025 0.026524024024024
1.0025 0.0264520958083832
1.0025 0.0263805970149254
1.0025 0.0263095238095238
1.0025 0.0262388724035608
1.0025 0.0261686390532544
1.0025 0.0260988200589971
1.0025 0.0260294117647059
1.0025 0.0259604105571848
1.0025 0.0258918128654971
1.0025 0.0258236151603499
1.0025 0.0257558139534884
1.0025 0.0256884057971015
1.0025 0.025621387283237
1.0025 0.0255547550432277
1.0025 0.0254885057471264
1.0025 0.0254226361031519
1.0025 0.0253571428571429
1.0025 0.0252920227920228
1.0025 0.0252272727272727
1.0025 0.0251628895184136
1.0025 0.0250988700564972
1.0025 0.0250352112676056
1.0025 0.0249719101123596
1.0025 0.0249089635854342
1.0025 0.0248463687150838
1.0025 0.0247841225626741
1.0025 0.0247222222222222
1.0025 0.0246606648199446
1.0025 0.0245994475138122
1.0025 0.024538567493113
1.0025 0.024478021978022
1.0025 0.0244178082191781
1.0025 0.0243579234972678
1.0025 0.0242983651226158
1.0025 0.0242391304347826
1.0025 0.024180216802168
1.0025 0.0241216216216216
1.0025 0.0240633423180593
1.0025 0.024005376344086
1.0025 0.0239477211796247
1.0025 0.0238903743315508
1.0025 0.0238333333333333
1.0025 0.0237765957446809
1.0025 0.0237201591511936
1.0025 0.0236640211640212
1.0025 0.0236081794195251
1.0025 0.0235526315789474
1.0025 0.023497375328084
1.0025 0.0234424083769634
1.0025 0.02338772845953
1.0025 0.0233333333333333
1.0025 0.0232792207792208
1.0025 0.0232253886010363
1.0025 0.023171834625323
1.0025 0.0231185567010309
1.0025 0.0230655526992288
1.0025 0.0230128205128205
1.0025 0.022960358056266
1.0025 0.0229081632653061
1.0025 0.0228562340966921
1.0025 0.0228045685279188
1.0025 0.022753164556962
1.0025 0.0227020202020202
1.0025 0.0226511335012594
1.0025 0.0226005025125628
1.0025 0.0225501253132832
1.0025 0.0225
1.0025 0.0224501246882793
1.0025 0.0224004975124378
1.0025 0.0223511166253102
1.0025 0.0223019801980198
1.0025 0.0222530864197531
1.0025 0.0222044334975369
1.0025 0.0221560196560197
1.0025 0.0221078431372549
1.0025 0.022059902200489
1.0025 0.0220121951219512
1.0025 0.0219647201946472
1.0025 0.0219174757281553
1.0025 0.0218704600484262
1.0025 0.0218236714975845
1.0025 0.0217771084337349
1.0025 0.0217307692307692
1.0025 0.0216846522781775
1.0025 0.0216387559808612
1.0025 0.0215930787589499
1.0025 0.0215476190476191
1.0025 0.0215023752969121
1.0025 0.021457345971564
1.0025 0.0214125295508274
1.0025 0.0213679245283019
1.0025 0.0213235294117647


