0 1
0 1
0 1
0 1
0 1
0 1
0 1
0 1
0 1
0 1

0.0416666666666667 1
0.0208333333333333 1
0 1
0.104166666666667 1
0.0625 1
0.0416666666666667 1
0.0208333333333333 1
0 1
0 1
0 1

0.458333333333333 1
0.270833333333333 0.928571428571429
0.270833333333333 1
0.458333333333333 1
0.291666666666667 1
0.354166666666667 0.944444444444444
0.458333333333333 0.956521739130435
0.541666666666667 1
0.291666666666667 1
0.26530612244898 0.928571428571429

0.9375 1
0.75 0.972972972972973
0.854166666666667 0.976190476190476
0.895833333333333 1
0.770833333333333 1
0.875 0.976744186046512
0.895833333333333 0.955555555555556
0.895833333333333 1
0.791666666666667 1
0.73469387755102 0.972972972972973

0.979166666666667 0.87037037037037
0.958333333333333 0.884615384615385
1 0.872727272727273
1 0.96
1 0.96
1 0.979591836734694
0.979166666666667 0.94
1 0.872727272727273
0.979166666666667 0.979166666666667
0.918367346938776 0.9375

1 0.564705882352941
1 0.607594936708861
1 0.539325842696629
1 0.676056338028169
1 0.905660377358491
1 0.905660377358491
1 0.657534246575342
1 0.539325842696629
1 0.761904761904762
0.959183673469388 0.810344827586207

1 0.220183486238532
1 0.27906976744186
1 0.268156424581006
1 0.333333333333333
1 0.551724137931034
1 0.545454545454545
1 0.369230769230769
1 0.243654822335025
1 0.428571428571429
0.979591836734694 0.533333333333333

1 0.179775280898876
1 0.195918367346939
1 0.195121951219512
1 0.206896551724138
1 0.25
1 0.248704663212435
1 0.219178082191781
1 0.177777777777778
1 0.234146341463415
1 0.263440860215054

1 0.167832167832168
1 0.166666666666667
1 0.169014084507042
1 0.167832167832168
1 0.169611307420495
1 0.170818505338078
1 0.168421052631579
1 0.167832167832168
1 0.170212765957447
1 0.172535211267606

1 0.166089965397924
1 0.166089965397924
1 0.166089965397924
1 0.166089965397924
1 0.16551724137931
1 0.166666666666667
1 0.166089965397924
1 0.166666666666667
1 0.166089965397924
1 0.168384879725086

