0 0
0 0
0 0
0 0
0 0
0 0
0 0
0 0
0 0
0 0

0 0.0416666666666667
0 0.0208333333333333
0 0
0 0.104166666666667
0 0.0625
0 0.0416666666666667
0 0.0208333333333333
0 0
0 0
0 0

0 0.458333333333333
0.004149377593361 0.270833333333333
0 0.270833333333333
0 0.458333333333333
0 0.291666666666667
0.004149377593361 0.354166666666667
0.004149377593361 0.458333333333333
0 0.541666666666667
0 0.291666666666667
0.00413223140495868 0.26530612244898

0 0.9375
0.004149377593361 0.75
0.004149377593361 0.854166666666667
0 0.895833333333333
0 0.770833333333333
0.004149377593361 0.875
0.00829875518672199 0.895833333333333
0 0.895833333333333
0 0.791666666666667
0.00413223140495868 0.73469387755102

0.029045643153527 0.979166666666667
0.024896265560166 0.958333333333333
0.029045643153527 1
0.00829875518672199 1
0.00826446280991736 1
0.004149377593361 1
0.012448132780083 0.979166666666667
0.029045643153527 1
0.004149377593361 0.979166666666667
0.012396694214876 0.918367346938776

0.153526970954357 1
0.128630705394191 1
0.170124481327801 1
0.0954356846473029 1
0.0206611570247934 1
0.020746887966805 1
0.103734439834025 1
0.170124481327801 1
0.0622406639004149 1
0.0454545454545455 0.959183673469388

0.705394190871369 1
0.514522821576763 1
0.54356846473029 1
0.398340248962656 1
0.161157024793388 1
0.16597510373444 1
0.340248962655602 1
0.618257261410788 1
0.265560165975104 1
0.173553719008264 0.979591836734694

0.908713692946058 1
0.817427385892116 1
0.821576763485477 1
0.763485477178423 1
0.59504132231405 1
0.601659751037344 1
0.70954356846473 1
0.921161825726141 1
0.651452282157676 1
0.566115702479339 1

0.987551867219917 1
0.995850622406639 1
0.979253112033195 1
0.987551867219917 1
0.971074380165289 1
0.966804979253112 1
0.983402489626556 1
0.987551867219917 1
0.970954356846473 1
0.971074380165289 1

1 1
1 1
1 1
1 1
1 1
0.995850622406639 1
1 1
0.995850622406639 1
1 1
1 1

